              precision    recall  f1-score   support

           0       0.00      0.00      0.00         8
           1       0.57      0.79      0.66        62
           2       0.17      0.28      0.21        18
           3       0.00      0.00      0.00         6
           4       0.84      0.58      0.69       532
           5       0.21      0.34      0.26       125
           6       0.26      0.33      0.29        52
           7       0.54      0.68      0.60       120
           8       0.14      0.15      0.14        74
           9       0.00      0.00      0.00         2
          10       0.25      0.67      0.36        39
          11       0.94      0.96      0.95        51
          12       0.03      0.05      0.03        19
          13       0.81      0.71      0.76       610
          14       0.11      0.05      0.07        42
          15       0.30      0.67      0.41        12

    accuracy                           0.59      1772
   macro avg       0.32      0.39      0.34      1772
weighted avg       0.66      0.59      0.61      1772
