              precision    recall  f1-score   support

           0       0.00      0.00      0.00         8
           1       0.48      0.61      0.54        62
           2       0.10      0.22      0.14        18
           3       0.00      0.00      0.00         6
           4       0.77      0.65      0.71       532
           5       0.41      0.28      0.33       125
           6       0.16      0.48      0.25        52
           7       0.66      0.62      0.64       120
           8       0.06      0.07      0.06        74
           9       0.00      0.00      0.00         2
          10       0.35      0.33      0.34        39
          11       0.89      0.96      0.92        51
          12       0.04      0.11      0.06        19
          13       0.89      0.69      0.78       610
          14       0.05      0.14      0.07        42
          15       0.23      0.42      0.29        12

    accuracy                           0.58      1772
   macro avg       0.32      0.35      0.32      1772
weighted avg       0.67      0.58      0.62      1772
