              precision    recall  f1-score   support

           0       0.00      0.00      0.00         8
           1       0.56      0.77      0.65        62
           2       0.05      0.11      0.07        18
           3       0.00      0.00      0.00         6
           4       0.83      0.50      0.62       532
           5       0.28      0.28      0.28       125
           6       0.29      0.31      0.30        52
           7       0.50      0.66      0.57       120
           8       0.08      0.09      0.08        74
           9       0.00      0.00      0.00         2
          10       0.23      0.59      0.33        39
          11       0.82      0.98      0.89        51
          12       0.02      0.05      0.03        19
          13       0.77      0.76      0.76       610
          14       0.00      0.00      0.00        42
          15       0.42      0.67      0.52        12

    accuracy                           0.56      1772
   macro avg       0.30      0.36      0.32      1772
weighted avg       0.63      0.56      0.58      1772
