              precision    recall  f1-score   support

           0       0.00      0.00      0.00         8
           1       0.76      0.89      0.82        62
           2       0.10      0.06      0.07        18
           3       0.00      0.00      0.00         6
           4       0.79      0.81      0.80       532
           5       0.37      0.51      0.43       125
           6       0.38      0.54      0.44        52
           7       0.66      0.72      0.69       120
           8       0.23      0.07      0.10        74
           9       0.00      0.00      0.00         2
          10       0.58      0.67      0.62        39
          11       0.96      0.98      0.97        51
          12       0.00      0.00      0.00        19
          13       0.85      0.86      0.85       610
          14       0.12      0.02      0.04        42
          15       0.60      0.50      0.55        12

    accuracy                           0.72      1772
   macro avg       0.40      0.41      0.40      1772
weighted avg       0.70      0.72      0.70      1772
