              precision    recall  f1-score   support

           0       0.00      0.00      0.00         8
           1       0.67      0.77      0.72        62
           2       0.00      0.00      0.00        18
           3       0.00      0.00      0.00         6
           4       0.76      0.58      0.66       532
           5       0.20      0.19      0.20       125
           6       0.33      0.27      0.29        52
           7       0.67      0.62      0.64       120
           8       0.08      0.14      0.10        74
           9       0.00      0.00      0.00         2
          10       0.25      0.41      0.31        39
          11       0.81      0.98      0.88        51
          12       0.00      0.00      0.00        19
          13       0.81      0.76      0.78       610
          14       0.18      0.14      0.16        42
          15       0.28      0.67      0.39        12

    accuracy                           0.58      1772
   macro avg       0.31      0.35      0.32      1772
weighted avg       0.64      0.58      0.60      1772
