              precision    recall  f1-score   support

           0       0.00      0.00      0.00         8
           1       0.53      0.74      0.62        62
           2       0.18      0.11      0.14        18
           3       0.00      0.00      0.00         6
           4       0.77      0.54      0.63       532
           5       0.23      0.37      0.28       125
           6       0.27      0.44      0.34        52
           7       0.66      0.62      0.64       120
           8       0.04      0.04      0.04        74
           9       0.00      0.00      0.00         2
          10       0.24      0.54      0.33        39
          11       0.79      0.96      0.87        51
          12       0.03      0.11      0.05        19
          13       0.83      0.73      0.78       610
          14       0.05      0.07      0.06        42
          15       0.45      0.75      0.56        12

    accuracy                           0.57      1772
   macro avg       0.32      0.38      0.33      1772
weighted avg       0.64      0.57      0.59      1772
