              precision    recall  f1-score   support

           0       0.00      0.00      0.00         8
           1       0.61      0.74      0.67        62
           2       0.13      0.39      0.19        18
           3       0.00      0.00      0.00         6
           4       0.80      0.65      0.72       532
           5       0.28      0.34      0.31       125
           6       0.31      0.27      0.29        52
           7       0.61      0.77      0.68       120
           8       0.05      0.01      0.02        74
           9       0.00      0.00      0.00         2
          10       0.25      0.44      0.32        39
          11       0.89      0.98      0.93        51
          12       0.17      0.05      0.08        19
          13       0.72      0.76      0.74       610
          14       0.07      0.07      0.07        42
          15       0.30      0.58      0.40        12

    accuracy                           0.62      1772
   macro avg       0.32      0.38      0.34      1772
weighted avg       0.62      0.62      0.61      1772
