              precision    recall  f1-score   support

           0       0.00      0.00      0.00         8
           1       0.30      0.39      0.34        62
           2       0.11      0.44      0.18        18
           3       0.00      0.00      0.00         6
           4       0.87      0.49      0.63       532
           5       0.36      0.26      0.31       125
           6       0.41      0.62      0.49        52
           7       0.48      0.64      0.55       120
           8       0.14      0.20      0.16        74
           9       0.00      0.00      0.00         2
          10       0.36      0.67      0.47        39
          11       0.81      1.00      0.89        51
          12       0.04      0.16      0.07        19
          13       0.86      0.73      0.79       610
          14       0.08      0.21      0.12        42
          15       0.27      0.75      0.40        12

    accuracy                           0.56      1772
   macro avg       0.32      0.41      0.34      1772
weighted avg       0.68      0.56      0.60      1772
