3
134
136
139
198
208
209
237
247
249
257
258
341
343
352
369
397
398
399
400
405
414
425
512
535
536
537
550
573
590
591
592
593
605
608
619
629
631
633
635
664
665
668
669
672
673
674
677
679
680
681
684
686
696
698
701
702
703
717
720
819
820
823
824
826
829
830
831
832
833
834
835
855
858
861
863
868
878
881
889
896
898
992
1022
1023
1028
1029
1041
1052
1058
1059
1060
1061
1063
1064
1093
1095
1105
1106
1107
1108
1121
1123
1125
1126
1130
1131
1147
1148
1149
1150
1151
1152
1153
1154
1155
1156
1157
1161
1162
1165
1179
1183
1199
1201
1202
1203
1204
1311
1339
1354
1356
1358
1360
1361
1363
1366
1413
1416
1418
1419
1450
1451
1481
1483
1485
1486
1498
1526
1528
1534
1545
1547
1548
1550
1551
1552
1553
1554
1555
1556
1559
1607
1634
1635
1638
1640
1652
1671
1674
1677
1678
1705
1730
1734
1738
1739
1783
1793
1797
1799
1804
1810
1822
1831
1836
1837
1884
1888
1889
1890
1898
1899
1900
1901
1916
1926
1963
1964
1965
1966
1967
1995
1996
2125
3401
3446
3449
3450
3452
3453
3454
3455
3458
3459
3460
3461
3462
3463
3464
3465
3467
3468
3469
3470
3472
3473
3475
3476
3477
3478
3479
3489
3490
3491
3493
3495
3497
3499
3501
3502
3503
3504
3505
3514
3515
3516
3517
3518
3519
3520
3521
3522
3536
3551
3552
3557
3558
3559
3560
3561
3563
3564
3566
3567
3568
3569
3570
3571
3572
3574
3603
3604
3606
3609
3638
3681
3696
3698
3723
3727
3812
3834
3835
3836
3839
3854
3855
3856
3857
3859
3861
3862
3863
3915
3919
3923
3924
3929
3932
3933
3934
3936
3939
3941
3942
3943
3944
3945
3946
3947
3948
3951
3952
3953
3954
3955
3956
3957
3958
3959
3960
3973
3974
3975
3976
3981
3983
3985
3986
3989
4004
4014
4038
4042
4043
4044
4045
4084
4119
4125
4126
4133
4158
4159
4160
4161
4167
4170
4172
4176
4181
4186
4193
4194
4195
4197
4198
4201
4202
4214
4215
4216
4217
4218
4219
4264
4267
4275
4276
4284
4285
4297
4298
4299
4300
4302
4309
4310
4311
4312
4313
4316
4330
4332
4333
4346
4348
4363
4368
4391
4394
4396
4400
4401
4403
4407
4408
4409
4410
4432
4443
4444
4445
4446
4463
4466
4468
4469
4484
4490
4492
4499
4536
4537
4538
4539
4540
4683
4686
4687
4691
4692
4695
4698
4699
4700
4701
4702
4703
4704
4705
4709
4712
4752
4754
4755
4756
4757
4759
4760
4761
4762
4763
4764
4765
4766
4767
4768
4769
4771
4783
4791
4793
4798
4800
4801
4802
4803
4837
4840
4841
4996
4999
5002
5003
5007
5009
5012
5013
5014
5015
5016
5017
5018
5019
5020
5021
5022
5023
5024
5026
5029
5031
5032
5033
5043
5044
5104
5106
5107
5119
5120
5140
5141
5147
5148
5149
5151
5152
5153
5160
5162
5219
5220
5221
5222
5223
5224
5226
5227
5265
5267
5269
5270
5273
5283
5284
5285
5286
5337
5340
5341
5342
5343
5344
5345
5346
5348
5354
5371
5377
5378
5379
5380
5399
5440
5531
5533
5534
5535
5939
6274
6275
6276
6520
6522
6523
6524
6525
6527
6528
6529
6530
6532
6533
6534
6536
6537
6584
6592
6627
6630
6631
6632
6633
6635
6637
6640
6654
6655
6656
6657
6658
6660
6661
6662
6663
6664
6666
6669
6671
6672
6673
6716
6717
6718
6719
6734
6735
6752
6753
6755
6757
6758
6759
6760
6761
6765
6770
6777
6831
6832
6850
6859
6880
7121
7123
7208
7210
7211
7213
7259
7262
7450
7451
7452
7453
7455
7456
7457
7459
7460
7475
7484
7485
7494
7498
7502
7549
7550
7551
7552
7553
7555
7556
7714
7777
7778
7779
7780
7781
7782
7864
7865
7866
7867
7868
7869
7870
7871
7873
7874
7875
7876
8017
8023
8044
8057
8058
8059
8061
8064
8080
8081
8188
8201
8204
8205
8209
8210
8211
8212
8213
8214
8215
8216
8257
8258
8260
8269
8270
8279
8280
8339
8349
8358
8364
8370
8375
8376
8377
8378
8450
8451
8452
8453
8454
8455
8489
8490
8491
8494
8497
8514
8531
8575
8576
8578
8914
8917
8920
8921
8922
9490
9492
9493
9514
9516
9517
9590
9608
9640
9654
9655
9656
9658
9659
9662
9663
9664
9666
9677
9735
9747
9748
9749
9750
9751
9752
9753
9793
9798
9800
9811
9823
9847
9850
9851
9852
9853
9857
9863
9866
9867
9875
9956
9958
9960
9961
9967
9968
9985
9986
9987
9988
9989
9990
9991
9992
9993
9994
9995
9996
9997
9998
9999
10000
10001
10002
10003
10004
10005
10006
10007
10008
10026
10027
10028
10029
10030
10032
10033
10035
10037
10038
10040
10041
10042
10043
10044
10045
10046
10056
10062
10086
10094
10099
10107
10112
10118
10119
10120
10124
10125
10127
10128
10129
10132
10147
10148
10149
10150
10151
10153
10155
10157
10160
10165
10180
10184
10187
10189
10190
10213
10214
10231
10234
10239
10240
10243
10246
10247
10279
10286
10287
10288
10358
10360
10363
10364
10368
10426
10434
10437
10449
10451
10456
10459
10460
10525
10529
10537
10552
10554
10556
10558
10567
10568
10666
10728
10737
10739
10740
10741
10742
10815
10824
10826
10830
10833
10834
10843
10868
10929
10930
10932
10933
10934
10935
10936
10937
10938
10942
10943
10945
10947
10948
10951
10952
10954
10970
10971
10978
10979
10980
11030
11031
11032
11033
11035
11036
11037
11039
11040
11080
11081
11205
11209
11246
11257
11259
11266
11285
11293
11301
11304
11305
11319
11320
11321
11375
11389
11390
11394
11396
11397
11398
11405
11406
11407
11410
11412
11417
11418
11419
11420
11423
11425
11426
11427
11428
11429
11430
11431
11432
11433
11437
11446
11447
11454
11457
11458
11459
11541
11608
11609
11626
11627
11628
11629
11632
11633
11634
11635
11636
11639
11640
11641
11643
11644
11647
11663
11695
11696
11711
11712
11713
11715
11716
11719
11720
11721
11722
11723
11724
11733
11734
11737
11738
11748
11750
11752
11753
11757
11758
11796
11797
11799
11808
11812
11813
11815
11816
11819
11824
11826
11828
11829
11830
11831
11832
11834
11836
11837
11838
11840
11854
11855
11856
11857
11858
11859
11863
11864
11865
11866
11869
11875
11879
11914
11934
11936
11938
11940
11941
11948
11949
11954
11957
11976
11986
11987
11988
11989
11992
12074
12081
12083
12084
12090
12095
12130
12171
12175
12182
12183
12185
12193
12194
12199
12308
12338
12339
12367
12369
12372
12375
12378
12381
12388
12396
12398
12399
12402
12406
12407
12408
12409
12410
12412
12413
12419
12420
12421
12422
12423
12424
12425
12447
12448
12449
12451
12517
12520
12523
12533
12534
12535
12538
12539
12554
12555
12556
12566
12567
12568
12569
12570
12571
12572
12573
12574
12575
12576
12577
12578
12579
12602
12608
12609
12610
12611
12614
12672
12673
12674
12675
12676
12677
12744
12833
12835
12836
12922
12923
12924
12926
12927
13014
13190
13192
13196
13207
13209
13225
13326
13327
13329
13330
13331
13363
13365
13366
13367
13369
13440
13472
13551
13555
13557
13558
13560
13563
13564
13580
13581
13582
13585
13586
13587
13590
13593
13595
13597
13598
13646
13649
13661
13662
13664
13671
13672
13725
13742
13744
13761
13762
13763
13764
13765
13766
13772
13776
13805
13833
13834
13835
13838
13839
13863
13864
13867
13868
13879
13891
13895
13908
13909
13910
13911
13912
13913
13914
13976
13978
13979
13999
14014
14015
14016
14017
14018
14019
14053
14055
14059
14060
14061
14062
14064
14066
14067
14068
14069
14070
14071
14072
14073
14075
14076
14077
14078
14079
14080
14081
14082
14083
14084
14085
14086
14087
14088
14099
14100
14101
14102
14103
14104
14105
14107
14110
14198
14202
14204
14207
14209
14210
14211
14212
14213
14214
14215
14216
14217
14218
14219
14220
14221
14222
14223
14340
14341
14342
14343
14345
14346
14347
14349
14366
14379
14380
14387
14388
14394
14409
14435
14440
14477
14478
14479
14481
14494
14498
14540
14543
14566
14649
14652
14666
14667
14668
14670
14671
14672
14673
14674
14675
14676
14677
14678
14679
14680
14773
14774
14775
14776
14777
14778
14779
14780
14781
14783
14785
14787
14791
14792
14793
14794
14795
14796
14798
14800
14801
14802
14803
14808
14812
14818
14820
14862
14866
14867
14868
14870
14871
14874
14876
14877
14879
14898
14899
14900
14901
14907
14908
14909
14941
14942
14945
14946
14948
14949
14952
14954
14955
14956
14957
14958
14959
14961
14971
14972
14973
14974
14975
14997
15002
15010
15011
15022
15023
15105
15106
15108
15124
15130
15139
15140
15143
15145
15148
15149
15152
15154
15156
15157
15176
15194
15195
15201
15202
15203
15204
15207
15208
15209
15211
15213
15217
15227
15256
15257
15258
15260
15261
15263
15265
15266
15269
15304
15307
15364
15366
15369
15370
15372
15373
15374
15375
15376
15436
15439
15444
15470
15472
15473
15474
15496
15497
15498
15531
15544
15607
15608
15609
15612
15619
15620
15622
15623
15628
15629
15755
15775
15846
15913
15985
15986
15988
15989
15991
15992
15993
15994
15995
15996
15997
16023
16024
16025
16034
16036
16045
16046
16047
16048
16049
16050
16051
16053
16054
16055
16056
16057
16149
16150
16151
16152
16157
16159
16165
16209
16210
16232
16235
16237
16238
16288
16289
16296
16313
16342
16343
16348
16351
16352
16353
16365
16366
16367
16369
16370
16371
16372
16373
16374
16375
16376
16380
16381
16382
16384
16385
16386
16387
16388
16389
16390
16391
16392
16393
16398
16399
16400
16402
16403
16404
16406
16422
16423
16424
16425
16426
16427
16428
16429
16430
16431
16432
16433
16434
16435
16436
16437
16438
16439
16448
16452
16521
16522
16523
16524
16525
16526
16527
16528
16529
16530
16531
16532
16533
16546
16554
16556
16562
16563
16564
16565
16566
16690
16691
16692
16693
16694
16695
16696
16698
16699
16700
16701
16702
16703
16731
16733
16736
16737
16810
16823
16824
16825
16826
16827
16828
16829
16843
16848
16876
16937
16938
16940
16943
16982
16983
16985
16989
16992
17130
17131
17259
17321
17322
17323
17324
17325
17334
17341
17342
17343
17347
17351
17422
17426
17439
17444
17445
17446
17447
17449
17450
17451
17452
17453
17454
17455
17456
17457
17460
17461
17463
17464
17467
17468
17488
17489
17490
17492
17493
17494
17495
17497
17498
17576
17579
17580
17584
17586
17587
17589
17590
17591
17601
17602
17603
17623
17624
17625
17627
17629
17643
17657
17678
17702
17729
17734
17781
17788
17794
17824
17825
17826
17827
17828
17839
17840
17841
17842
17843
17854
17855
17856
17857
17858
17859
17860
17880
17881
17882
17883
17885
17891
17892
17893
17895
17900
17908
17909
17910
17911
17912
17913
17914
17915
17987
17988
17989
17992
17993
17994
17995
17996
17997
17998
18000
18001
18003
18004
18005
18006
18007
18008
18009
18010
18012
18013
18014
18015
18016
18017
18018
18019
18020
18021
18024
18026
18027
18028
18029
18045
18085
18135
18198
18199
18200
18201
18237
18322
18323
18325
18326
18327
18386
18388
18390
18391
18393
18412
18444
18446
18606
18608
18609
18610
18612
18613
18614
18636
18641
18654
18656
18659
18681
18683
18684
18685
18686
18687
18690
18692
18694
18712
18759
18760
18761
18762
18763
18764
18782
18787
18788
18802
18803
18804
18805
18806
18822
18823
18888
18891
18973
18974
18975
18976
19072
19125
19126
19128
19129
19130
19131
19132
19133
19134
19135
19137
19175
19178
19180
19181
19186
19188
19222
19224
19226
19227
19228
19229
19236
19262
19263
19264
19265
19266
19267
19268
19269
19270
19271
19272
19328
19330
19331
19332
19333
19348
19349
19350
19351
19352
19353
19354
19355
19383
19390
19391
19392
19393
19401
19403
19419
19421
19427
19457
19458
19461
19462
19464
19465
19466
19470
19481
19482
19484
19485
19486
19487
19488
19489
19492
19493
19494
19530
19532
19550
19582
19583
19585
19586
19587
19588
19589
19591
19592
19601
19602
19603
19604
19606
19607
19608
19609
19621
19622
19623
19626
19627
19628
19629
19631
19632
19633
19644
19647
19648
19649
19657
19658
19663
19664
19668
19669
19670
19671
19682
19761
19790
19791
19793
19794
19816
19817
19818
19975
19976
19978
19986
19989
20010
20011
20012
20013
20014
20051
20053
20054
20055
20057
20058
20059
20084
20085
20086
20088
20089
20090
20091
20092
20093
20096
20097
20098
20099
20100
20101
20128
20129
20130
20134
20135
20136
20137
20138
20139
20142
20143
20144
20145
20146
20147
20149
20152
20153
20155
20156
20157
20158
20159
20160
20161
20162
20163
20165
20167
20168
20181
20197
20199
20200
20201
20202
20203
20205
20206
20209
20226
20227
20231
20234
20264
20277
20280
20341
20342
20344
20345
20347
20368
20395
20428
20443
20444
20445
20446
20447
20448
20449
20450
20452
20457
20458
20461
20462
20463
20464
20465
20466
20484
20485
20486
20487
20489
20490
20491
20576
20577
20686
20692
20695
20696
20705
20707
20709
20729
20730
20731
20732
20733
20734
20735
20736
20737
20738
20740
20741
20742
20743
20745
20746
20748
20749
20750
20751
20920
20926
20961
20962
20963
20964
20965
20966
21006
21007
21011
21013
21083
21084
21086
21130
21131
21132
21134
21135
21136
21137
21158
21159
21160
21161
21162
21163
21164
21165
21166
21168
21169
21184
21185
21186
21187
21188
21189
21190
21191
21192
21193
21226
21227
21230
21234
21275
21279
21282
21302
21345
21349
21351
21352
21353
21363
21405
21410
21414
21415
21416
21418
21419
21420
21423
21424
21426
21527
21528
21529
21530
21532
21533
21542
21555
21556
21557
21558
21559
21652
21678
21679
21680
21682
21683
21689
21695
21697
21701
21708
21743
21776
21798
21799
21800
21839
21843
21844
21845
21847
21848
21849
21855
21856
21857
21858
21861
21885
21886
21887
21888
21889
21890
21892
21893
21894
21896
21897
21898
21899
21912
21926
21931
21932
21953
21954
21956
21957
21958
21959
21960
21991
22021
22022
22023
22024
22029
22031
22032
22033
22038
22039
22040
22048
22049
22050
22084
22096
22126
22127
22128
22129
22130
22131
22132
22134
22135
22136
22137
22138
22139
22140
22141
22142
22143
22144
22152
22290
22292
22298
22299
22302
22305
22306
22307
22332
22334
22336
22339
22342
22346
22347
22349
22351
22354
22355
22356
22357
22358
22367
22368
22369
22370
22371
22372
22373
22374
22375
22376
22377
22378
22379
22432
22433
22434
22435
22436
22437
22438
22439
22440
22443
22445
22453
22454
22455
22456
22457
22458
22459
22550
22584
22592
22596
22597
22598
22599
22601
22602
22603
22982
22984
22985
23034
23035
23038
23042
23070
23071
23072
23073
23074
23075
23077
23078
23081
23082
23141
23142
23143
23144
23145
23146
23147
23148
23149
23150
23151
23152
23160
23161
23186
23188
23190
23191
23192
23256
23257
23339
23349
23356
23358
23359
23360
23361
23362
23363
23364
23365
23481
23482
23483
23504
23506
23507
23508
23509
23510
23511
23512
23513
23514
23515
23516
23518
23524
23525
23527
23528
23529
23530
23532
23535
23537
23538
23539
23540
23541
23544
23545
23546
23669
23678
23764
23765
23766
23786
23787
23788
23789
23790
23817
23818
23820
23821
23822
23824
23826
23878
23879
23880
23881
23882
23883
23884
23885
23886
23888
23889
23890
23892
23893
24051
24053
24138
24141
24142
24144
24173
24174
24175
24176
24177
24178
24460
24513
24514
24516
24517
24520
24523
24544
24545
24546
24547
24548
24549
24550
24551
24552
24553
24554
24555
24640
24641
24654
24655
24712
24744
24750
24792
24793
24794
24795
24796
24797
24798
24799
24800
24801
24802
24803
24805
24806
24807
24809
24811
24812
24813
24814
24815
24816
24817
24818
24820
24831
24832
24843
24844
24855
24876
24896
24902
24903
24904
24908
24909
24913
24914
24919
24920
24922
24923
24926
24927
24928
24929
24945
24946
24949
24950
24952
24957
24960
24966
24971
24977
24979
24984
24985
24987
24988
24990
24992
24993
24994
24995
24999
25000
25004
25005
25007
25008
25009
25010
25011
25012
25013
25014
25015
25016
25067
25111
25123
25140
25143
25145
25149
25151
25152
25154
25168
25170
25177
25178
25179
25236
25237
25238
25363
25364
25365
25367
25370
25371
25372
25373
25374
25376
25377
25379
25380
25381
25382
25384
25387
25735
25855
25902
25903
25922
25928
25996
26015
26018
26019
26023
26024
26062
26064
26065
26171
26176
26177
26178
26179
26181
26182
26183
26184
26186
26187
26244
26297
26310
26324
26325
26327
26409
26429
26430
26431
26432
26433
26434
26435
26437
26440
26476
26477
26478
26479
26480
26482
26483
26484
26485
26486
26487
26490
26529
26530
26531
26532
26542
26546
26585
26586
26591
26593
26595
26601
26612
26626
26627
26628
26630
26631
26632
26633
26634
26635
26636
26669
26670
26673
26675
26676
26677
26678
26679
26680
26682
26693
26729
26730
26740
26744
26764
26804
26805
26868
26869
26870
26871
26907
26921
26927
26930
26932
27107
27141
27148
27150
27175
27176
27178
27179
27180
27181
27182
27183
27184
27185
27186
27187
27188
27189
27213
27216
27222
27224
27225
27227
27235
27303
27305
27340
27341
27349
27350
27379
27389
27404
27405
27407
27408
27431
27435
27457
27462
27463
27464
27565
27566
27567
27568
27569
27570
27571
27572
27573
27574
27575
27576
27604
27605
27606
27607
27608
27668
27669
27670
27671
27674
27675
27752
27754
27785
27787
27841
27842
27851
27946
27949
27950
28085
28086
28087
28088
28089
28124
28126
28199
28201
28259
28261
28262
28264
28265
28276
28278
28279
28426
28467
28468
28469
28471
28472
28473
28474
28475
28476
28499
28525
28526
28527
28528
28529
28530
28534
28535
28536
28549
28551
28577
28578
28594
28595
28596
28597
28598
28600
28601
28606
28607
28609
28702
28765
28774
28781
28783
28898
28901
28902
28916
29046
29047
29184
29187
29244
29253
29261
29262
29263
29265
29267
29324
29334
29396
29397
29398
29401
29447
29448
29451
29452
29453
29466
29469
29470
29476
29478
29496
29498
29501
29505
29506
29586
29603
29606
29607
29621
29622
29625
29626
29627
29628
29662
29663
29668
29672
29680
29684
29685
29689
29690
29692
29808
29809
29810
29811
29814
29817
29818
29819
29820
29837
29855
29856
29858
29859
29861
29881
29932
29933
29934
29936
29937
29939
29940
29942
29943
29944
29945
29947
29948
29950
29951
29953
29954
29955
29956
29957
29958
29959
30002
30003
30004
30013
30033
30034
30035
30036
30037
30038
30040
30044
30045
30046
30047
30048
30049
30051
30052
30053
30054
30055
30057
30060
30072
30073
30074
30075
30076
30083
30084
30093
30098
30118
30133
30135
30136
30137
30166
30199
30247
30248
30302
30303
30304
30305
30306
30309
30310
30315
30330
30397
30410
30498
30500
30507
30508
30518
30633
30634
30667
30669
30676
30689
30694
30698
30717
30727
30728
30729
30730
30731
30733
30737
30738
30739
30865
30927
30928
30929
30930
31119
31121
31122
31126
31128
31129
31130
31131
31134
31135
31136
31142
31143
31144
31145
31147
31148
31149
31150
31154
31160
31257
31260
31261
31313
31316
31317
31326
31426
31434
31436
31440
31441
31446
31455
31456
31457
31458
31461
31462
31618
31621
31622
31623
31627
31647
31714
31802
31804
31805
31823
31898
31904
31912
31913
32000
32002
32014
32045
32065
32066
32067
32068
32076
32077
32078
32079
32080
32082
32083
32084
32085
32087
32088
32089
32090
32091
32097
32149
32214
32215
32216
32217
32219
32220
32221
32222
32410
32432
32434
32436
32448
32449
32451
32457
32458
32459
32460
32461
32462
32472
32473
32478
32508
32509
32510
32511
32512
32513
32515
32516
32517
32518
32519
32520
32521
32677
32678
32679
32680
32681
32682
32683
32684
32685
32688
32690
32691
32692
32697
32742
32743
32744
32745
32747
32748
32750
32758
32767
32768
32769
32771
32774
32775
32776
32791
32792
32811
32812
32813
32814
32815
32838
32839
32840
32841
32842
32843
32847
32848
32849
32850
32851
32852
32853
32854
32855
32857
32874
32875
32876
32879
32880
32881
32883
32895
32900
32915
32956
32958
32959
32962
32987
33012
33017
33018
33119
33120
33121
33122
33125
33126
33127
33128
33129
33137
33138
33139
33140
33141
33144
33166
33184
33185
33192
33200
33211
33213
33214
33215
33218
33219
33220
33238
33239
33240
33242
33271
33300
33301
33302
33303
33304
33305
33306
33307
33308
33309
33331
33332
33333
33335
33336
33337
33338
33463
33464
33466
33467
33492
33493
33494
33495
33496
33497
33499
33500
33501
33502
33539
33540
33541
33542
33543
33544
33545
33546
33547
33552
33555
33651
33772
33953
33996
34103
34137
34148
34149
34189
34198
34254
34255
34256
34264
34348
34352
34360
34438
34439
34440
34441
34506
34507
34508
34509
34530
34579
34642
34851
34887
34984
34988
34989
35002
35006
35019
35149
35159
35160
35161
35162
35163
35284
35391
35392
35397
35450
35451
35452
35453
35454
35455
35456
35457
35458
35460
35461
35525
35528
35530
35532
35586
35672
35784
35818
35945
35946
35987
35988
35989
35990
35991
35992
35993
35994
36050
36051
36052
36053
36054
36055
36056
36057
36085
36138
36139
36140
36141
36142
36178
36187
36188
36189
36190
36191
36192
36221
36241
36242
36243
36244
36300
36301
36303
36305
36306
36307
36308
36325
36326
36328
36330
36331
36332
36373
36375
36378
36399
36400
36402
36403
36404
36405
36406
36426
36427
36429
36430
36431
36432
36433
36434
36436
36485
36516
36518
36520
36521
36523
36525
36527
36619
36652
36653
36654
36655
37014
37015
37017
37018
37021
37046
37051
37074
37076
37078
37079
37145
37148
37149
37150
37151
37152
37153
37154
37155
37156
37157
37158
37159
37160
37161
37162
37319
37323
37329
37330
37331
37385
37386
37387
37388
37389
37390
37510
37529
37530
37532
37587
37588
37589
37590
37591
37630
37637
37726
37728
37729
37768
37780
37782
37783
37785
37787
37860
37876
37917
37918
37919
37921
37925
37927
37928
37929
37930
37931
37934
37935
37937
37938
37947
37976
37977
37978
37979
38078
38079
38081
38200
38265
38324
38325
38364
38405
38421
38422
38423
38455
38461
38516
38517
38519
38520
38521
38523
38552
38556
38558
38613
38614
38617
38618
38619
38620
38621
38622
38666
38668
38669
38670
38671
38678
38679
38691
38692
38743
38745
38748
38750
38845
38864
38865
38866
38876
38877
38954
38956
39018
39113
39114
39116
39117
39186
39196
39198
39199
39282
39377
39434
39435
39436
39437
39438
39439
39440
39511
39512
39513
39524
39525
39526
39527
39528
39529
39536
39552
39553
39554
39555
39556
39557
39558
39683
39685
39686
39687
39722
39761
39765
39768
39769
39788
39847
39848
39850
39855
39872
39878
39893
39895
39896
39899
39928
39965
39984
39985
39987
39988
39993
39996
39997
40077
40078
40079
40080
40081
40131
40132
40136
40140
40152
40162
40173
40174
40175
40176
40177
40178
40179
40181
40246
40248
40249
40265
40269
40272
40276
40277
40279
40280
40281
40341
40342
40351
40352
40353
40354
40358
40369
40370
40373
40399
40400
40401
40402
40403
40414
40416
40417
40418
40421
40504
40505
40506
40508
40510
40511
40512
40516
40519
40520
40521
40522
40523
40526
40527
40629
40630
40631
40632
40633
40634
40635
40636
40637
40638
40639
40640
40642
40643
40644
40645
40646
40647
40648
40649
40650
40687
40689
40692
40693
40694
40701
40703
40704
40721
40771
40772
40778
40779
40780
40781
40782
40783
40784
40785
40786
40787
40788
40789
40790
40791
40792
40793
40794
40795
40796
40797
40798
40799
40808
40809
40810
40811
40812
40813
40814
40815
40816
40817
40818
40821
40822
40823
40824
40825
40826
40827
40828
40829
40830
40905
40913
40921
40922
40936
40937
40939
40962
41011
41012
41013
41014
41015
41044
41045
41046
41052
41055
41056
41078
41079
41088
41089
41090
41091
41092
41093
41163
41207
41208
41209
41210
41211
41212
41245
41247
41439
41442
41452
41453
41454
41456
41457
41458
41460
41566
41567
41569
41580
41581
41583
41706
41755
41758
41759
41761
41801
41802
41803
41809
41813
41829
41833
41834
41863
41864
41865
41866
41867
41869
41870
41933
41934
41935
41936
41937
41938
41939
41950
41951
41952
41953
41954
41955
41956
41957
41958
41959
41960
41963
41964
41966
42028
42043
42269
42276
42304
42311
42312
42426
42427
42428
42430
42441
42443
42444
42445
42447
42456
42457
42461
42462
42476
42477
42478
42479
42480
42481
42482
42483
42484
42485
42486
42527
42528
42529
42530
42531
42532
42533
42534
42632
42634
42649
42650
42651
42712
42720
42721
42722
42723
42725
42726
42727
42728
42729
42730
42731
42732
42740
42741
42742
42743
42744
42745
42746
42747
42748
42749
42750
42754
42755
42756
42757
42766
42767
42768
42769
42770
42771
42772
42773
42774
42775
42776
42778
42779
42782
42787
42788
42867
42868
42869
42870
42871
42872
42873
42920
42936
42937
42938
42939
42941
42946
42950
42952
42953
43055
43056
43057
43061
43062
43107
43113
43118
43121
43122
43123
43149
43151
43152
43154
43313
43314
43315
43316
43367
43413
43420
43421
43435
43436
43437
43457
43458
43509
43511
43528
43609
43610
43611
43612
43613
43614
43615
43616
43617
43618
43624
43812
43838
43846
43848
43882
43884
43885
43889
43890
43895
43904
43909
43916
43954
43955
43957
43958
43959
43964
43966
44056
44057
44095
44096
44097
44098
44132
44158
44164
44168
44185
44192
44193
44194
44195
44198
44199
44200
44201
44202
44203
44204
44205
44206
44207
44231
44235
44250
44254
44258
44259
44275
44276
44277
44278
44279
44282
44283
44284
44285
44287
44335
44340
44341
44343
44344
44346
44353
44359
44362
44366
44373
44376
44477
44482
44746
44747
44748
44749
44750
44825
44852
44886
44887
44888
44894
44895
44896
44916
44919
44920
44921
44922
44954
44958
44959
44971
44973
44975
44985
45012
45060
45098
45135
45136
45137
45139
45140
45141
45145
45146
45147
45148
45230
45275
45375
45463
45469
45485
45486
45502
45503
45504
45505
45506
45507
45544
45550
45551
45964
45972
46005
46008
46011
46012
46013
46014
46015
46016
46017
46018
46019
46020
46021
46022
46023
46025
46026
46028
46054
46059
46063
46064
46065
46066
46069
46071
46072
46073
46074
46075
46083
46084
46085
46086
46088
46089
46135
46136
46137
46144
46145
46146
46147
46148
46149
46191
46194
46198
46204
46205
46206
46237
46239
46243
46244
46302
46311
46477
46479
46480
46481
46483
46485
46486
46505
46506
46508
46509
46510
46511
46514
46526
46527
46528
46637
46642
46648
46652
46695
46710
46712
46713
46727
46731
46735
46739
46740
46757
46836
46837
46838
46843
46851
46856
46927
46935
46936
46984
47119
47319
47320
47321
47322
47323
47324
47406
47414
47419
47420
47449
47473
47474
47475
47477
47478
47479
47480
47481
47482
47483
47499
47500
47501
47502
47503
47508
47509
47594
47595
47596
47597
47598
47600
47601
47672
47675
47676
47708
47720
47740
47741
47742
47743
47745
47746
47755
47768
47769
47770
47772
47773
47775
47776
47778
47782
47825
47832
47833
47834
47836
47859
47867
47870
47874
47882
47915
47917
47918
47919
47920
47922
47923
47924
47931
47944
47945
47946
47947
47948
47951
47955
47956
47957
48008
48064
48067
48069
48070
48087
48088
48089
48090
48091
48092
48156
48157
48158
48159
48160
48161
48162
48163
48164
48165
48166
48167
48207
48216
48229
48230
48268
48289
48290
48291
48292
48294
48295
48296
48297
48298
48306
48319
48329
48334
48345
48346
48370
48387
48388
48389
48390
48391
48392
48393
48394
48395
48396
48397
48398
48399
48400
48401
48402
48403
48404
48406
48407
48408
48410
48411
48412
48413
48416
48418
48435
48436
48438
48441
48445
48448
48449
48530
48532
48533
48535
48537
48553
48554
48555
48556
48557
48558
48559
48560
48596
48597
48598
48599
48600
48601
48602
48754
48778
48782
48793
48796
48805
48806
48807
48809
48810
48820
48822
48826
48828
48852
48853
48854
48855
48856
48857
48858
48859
48860
48902
48925
48933
48949
49031
49032
49060
49087
49098
49099
49103
49106
49130
49135
49136
49138
49139
49355
49361
49363
49364
49365
49393
49395
49399
49404
49406
49427
49431
49433
49471
49472
49475
49481
49529
49530
49531
49532
49537
49581
49582
49583
49584
49585
49663
49811
49813
49814
49815
49816
49819
49930
50056
50058
50059
50060
50061
50072
50137
50138
50140
50141
50163
50164
50165
50167
50267
50268
50269
50270
50273
50275
50284
50288
50291
50312
50320
50321
50322
50367
50368
50369
50370
50371
50386
50387
50388
50389
50409
50410
50416
50460
50466
50540
50541
50542
50544
50545
50546
50598
50608
50609
50610
50611
50612
50613
50614
50671
50672
50673
50745
50748
50749
50750
50751
50812
50818
50819
50820
50821
50822
50823
50828
50829
50830
50832
50833
50837
50851
50852
50853
50854
50856
50857
50858
50859
50860
50861
50862
50863
50864
50865
50866
50868
50869
50882
50884
50888
50890
50891
50892
50954
50958
50970
50971
50972
50975
50988
50989
50990
50993
51144
51149
51151
51166
51167
51168
51169
51193
51194
51197
51200
51201
51202
51264
51266
51309
51316
51317
51321
51322
51331
51332
51344
51355
51359
51360
51382
51383
51387
51388
51481
51502
51503
51505
51506
51508
51511
51512
51513
51514
51515
51516
51517
51519
51547
51548
51549
51552
51555
51557
51575
51576
51577
51578
51579
51586
51592
51646
51650
51663
51667
51678
51680
51683
51689
51690
51711
51712
51713
51714
51715
51716
51765
51766
51767
51774
51775
51777
51778
51780
51786
51846
51847
51848
51849
51850
51851
51852
51853
51854
51855
51856
51857
51858
51924
51925
51926
51927
51932
51933
51934
51936
51937
51938
51939
51940
51941
51942
51943
51944
51945
51946
51947
51948
51949
51950
51951
51952
51953
51955
51956
51985
51986
51987
51988
51989
51997
52003
52004
52005
52007
52008
52033
52038
52043
52138
52220
52221
52222
52224
52225
52229
52250
52254
52255
52256
52257
52258
52261
52274
52276
52339
52351
52352
52353
52354
52355
52357
52358
52359
52360
52361
52362
52363
52364
52404
52405
52406
52407
52408
52444
52473
52474
52475
52476
52477
52478
52479
52484
52485
52487
52489
52493
52504
52506
52520
52521
52547
52571
52573
52577
52578
52583
52597
52599
52728
52729
52734
52735
52737
52876
52881
52898
52899
52909
52910
52911
52912
52970
52971
52974
53207
53230
53231
53232
53344
53349
53354
53355
53367
53368
53369
53370
53372
53373
53374
53375
53376
53377
53378
53380
53442
53443
53444
53445
53446
53447
53448
53450
53451
53452
53453
53455
53458
53459
53460
53461
53462
53498
53499
53573
53577
53685
53686
53687
53688
53689
53690
53691
53715
53730
53731
53732
53733
53758
53859
53860
53861
53898
53899
53900
53901
53988
54004
54005
54013
54022
54023
54024
54025
54026
54027
54036
54038
54040
54051
54055
54056
54065
54070
54072
54077
54078
54079
54161
54162
54201
54202
54217
54254
54256
54257
54258
54259
54262
54263
54264
54265
54266
54267
54268
54294
54295
54296
54298
54332
54333
54337
54348
54349
54350
54362
54363
54368
54461
54477
54478
54483
54485
54486
54487
54488
54489
54490
54491
54492
54493
54495
54558
54560
54561
54562
54563
54596
54622
54627
54630
54631
54632
54633
54634
54635
54657
54658
54659
54661
54710
54711
54713
54716
54721
54722
54724
54726
54736
54747
54749
54751
54754
54831
54833
54834
54835
54836
54837
54838
54839
54841
54848
54849
54850
54870
54871
54872
54873
54875
54876
54877
54878
54879
54880
54881
54882
54883
54884
54885
54886
54930
54932
54934
54946
54963
54964
54965
54966
54967
55098
55099
55103
55104
55106
55107
55108
55109
55110
55111
55112
55114
55115
55116
55117
55118
55148
55150
55152
55153
55155
55156
55157
55158
55159
55160
55164
55165
55191
55192
55193
55194
55195
55200
55201
55255
55256
55257
55259
55260
55261
55397
55398
55399
55400
55401
55403
55404
55449
55451
55452
55479
55532
55547
55548
55550
55553
55554
55555
55557
55558
55562
55563
55564
55573
55574
55575
55577
55579
55580
55756
55757
55758
55759
55760
55761
55762
55764
55765
55766
55767
55768
55769
55770
55772
55773
55775
55776
55777
55778
55779
55780
55821
55822
55823
55824
55825
55898
55899
55912
55913
55916
55917
55918
55920
55921
55922
55923
55925
55928
55947
55948
55949
55950
55951
55952
55953
55954
55955
55956
55957
55958
56006
56007
56011
56012
56013
56014
56017
56019
56021
56022
56048
56049
56050
56051
56053
56120
56143
56145
56146
56147
56148
56149
56150
56151
56152
56167
56168
56169
56171
56174
56175
56176
56177
56191
56464
56490
56491
56492
56543
56545
56547
56548
56549
56550
56551
56567
56575
56629
56631
56638
56647
56652
56653
56657
56658
56659
56664
56665
56666
56667
56680
56836
56837
56839
56840
56841
56842
56869
56870
56871
56872
56873
56875
56881
56882
56883
56884
56885
56930
56931
56932
56933
56937
56940
56941
56944
57041
57046
57049
57050
57051
57052
57053
57054
57068
57070
57071
57072
57080
57162
57165
57166
57167
57168
57253
57254
57255
57256
57257
57327
57328
57329
57339
57351
57352
57355
57358
57359
57381
57391
57393
57395
57396
57399
57400
57402
57403
57404
57405
57406
57407
57408
57409
57410
57411
57412
57413
57414
57415
57420
57422
57433
57434
57441
57443
57446
57447
57451
57458
57470
57477
57488
57490
57493
57494
57495
57496
57497
57499
57508
57565
57566
57567
57568
57584
57624
57631
57637
57638
57641
57642
57643
57644
57645
57646
57647
57655
57656
57657
57659
57660
57680
57805
57806
57809
57812
57813
57960
57961
57962
57963
57964
57965
57966
57967
57975
57978
57981
57984
57986
57988
57989
57990
57991
57992
57993
57994
57995
57997
57998
57999
58001
58002
58069
58077
58093
58128
58130
58136
58138
58139
58156
58157
58160
58163
58167
58168
58204
58208
58210
58211
58222
58223
58224
58232
58233
58234
58237
58238
58239
58264
58265
58343
58344
58393
58401
58402
58403
58404
58405
58417
58419
58423
58425
58525
58526
58528
58531
58532
58533
58566
58567
58599
58600
58603
58604
58605
58613
58701
58720
58721
58722
58723
58724
58725
58726
58727
58728
58729
58731
58751
58752
58754
58755
58756
58757
58763
58764
58877
58878
58889
59015
59016
59017
59020
59021
59022
59023
59024
59044
59046
59047
59050
59051
59052
59053
59054
59055
59056
59057
59058
59059
59060
59061
59062
59063
59075
59080
59086
59087
59173
59176
59177
59178
59179
59180
59181
59190
59192
59197
59199
59224
59226
59231
59240
59241
59255
59260
59271
59275
59277
59367
59368
59369
59370
59371
59372
59376
59377
59432
59455
59458
59483
59484
59485
59488
59502
59503
59504
59505
59506
59508
59510
59511
59512
59668
59670
59731
59732
59733
59734
59735
59816
59826
59911
59912
59917
59923
59926
59927
59934
59935
59936
59937
59938
59939
59940
59941
59942
59943
59944
59945
59946
59947
59948
59949
59950
59951
59952
59953
59954
59973
59975
59981
60191
60192
60194
60195
60196
60197
60198
60199
60201
60203
60204
60205
60206
60207
60213
60220
60221
60276
60277
60278
60281
60282
60283
60285
60286
60287
60351
60352
60353
60354
60355
60356
60357
60358
60359
60360
60361
60362
60363
60364
60421
60427
60459
60461
60462
60464
60470
60471
60473
60475
60480
60482
60484
60486
60488
60491
60492
60493
60494
60495
60504
60528
60546
60642
60672
60686
60688
60690
60700
60701
60702
60703
60704
60707
60720
60726
60727
60729
60730
60731
60732
60733
60734
60779
60810
60814
60826
60827
60830
60831
60832
60833
60838
60863
60960
60963
60966
60967
60968
60970
60980
60981
60983
60985
60987
60990
60991
60992
60993
60996
61002
61005
61009
61158
61162
61163
61165
61166
61167
61168
61169
61170
61173
61438
61439
61440
61446
61450
61454
61519
61564
61565
61566
61567
61568
61569
61588
61590
61595
61596
61598
61608
61617
61667
61674
61680
61743
61744
61745
61746
61747
61748
61750
61752
61753
61754
61755
61756
61757
61781
61782
61796
61797
61799
61802
61808
61816
61819
61852
61854
61885
61890
61891
61894
61896
61897
61906
61923
61950
61954
61955
61956
61957
61958
62002
62004
62006
62041
62042
62043
62044
62045
62046
62047
62048
62049
62050
62157
62160
62162
62166
62167
62168
62169
62171
62172
62173
62174
62175
62177
62178
62181
62182
62197
62204
62205
62207
62221
62318
62319
62321
62423
62435
62564
62565
62581
62582
62583
62584
62585
62587
62636
62637
62638
62639
62640
62641
62642
62643
62644
62645
62646
62647
62648
62654
62658
62659
62663
62664
62665
62666
62667
62668
62669
62670
62673
62674
62675
62826
62829
62833
62834
62852
62853
62858
62861
62867
62872
62873
62874
62927
62928
63023
63031
63037
63038
63039
63040
63041
63042
63096
63097
63098
63099
63100
63101
63112
63113
63114
63115
63116
63187
63188
63206
63225
63259
63260
63263
63264
63282
63283
63284
63285
63286
63288
63295
63303
63304
63306
63308
63316
63322
63341
63342
63343
63344
63345
63346
63347
63348
63349
63350
63351
63352
63353
63354
63355
63356
63357
63358
63359
63360
63361
63362
63363
63364
63371
63372
63373
63374
63375
63379
63380
63382
63383
63384
63385
63386
63387
63388
63389
63390
63391
63393
63394
63396
63397
63398
63400
63401
63402
63403
63404
63405
63406
63407
63442
63444
63450
63452
63453
63468
63469
63473
63474
63475
63476
63477
63478
63479
63480
63481
63483
63497
63499
63500
63656
63657
63658
63665
63666
63667
63668
63669
63670
63731
63732
63734
63754
63758
63760
63762
63765
63766
63768
63771
63772
63773
63776
63800
63801
63802
63820
63867
63875
63876
63877
63897
63902
63903
63906
63911
63912
63914
63915
63916
63918
63919
63920
63921
63925
63965
63966
63967
63968
63969
63970
63971
63972
63973
64021
64022
64023
64024
64025
64026
64027
64028
64029
64030
64031
64032
64033
64034
64192
64193
64194
64228
64235
64250
64251
64254
64255
64256
64257
64287
64339
64350
64357
64361
64362
64363
64431
64445
64446
64447
64448
64449
64450
64451
64452
64453
64454
64455
64456
64457
64495
64497
64499
64503
64539
64540
64541
64544
64545
64546
64547
64548
64549
64550
64551
64552
64554
64555
64566
64568
64569
64570
64571
64572
64573
64574
64583
64584
64585
64586
64587
64595
64596
64597
64599
64600
64602
64603
64634
64648
64649
64656
64657
64658
64660
64661
64663
64664
64665
64666
64667
64668
64669
64689
64690
64691
64695
64696
64760
64762
64763
64764
64765
64766
64767
64768
64769
64770
64803
64806
64808
64832
64836
64928
64929
64930
64931
64972
64973
64974
64998
64999
65000
65001
65002
65160
65164
65165
65166
65167
65170
65171
65172
65175
65176
65251
65264
65295
65299
65301
65614
65615
65616
65617
65618
65628
65629
65644
65651
65652
65653
65654
65655
65656
65657
65658
65659
65660
65661
65662
65663
65664
65665
65666
65667
65668
65669
65670
65671
65672
65673
65674
65675
65676
65677
65678
65679
65680
65681
65682
65705
65706
65707
65708
65709
65744
65748
65749
65750
65751
65754
65781
65782
65783
65784
65785
65786
65787
65788
65789
65790
65791
65792
65793
65794
65795
65796
65877
65878
65879
65880
65882
65885
65887
65888
65889
65890
65891
65892
65973
65979
66062
66064
66065
66066
66067
66068
66069
66070
66071
66072
66117
66124
66125
66182
66183
66184
66185
66186
66200
66201
66202
66329
66330
66331
66332
66333
66348
66355
66356
66357
66358
66359
66380
66381
66382
66384
66403
66404
66442
66444
66448
66449
66451
66452
66457
66458
66459
66460
66461
66462
66463
66464
66465
66466
66467
66471
66474
66477
66479
66480
66514
66517
66522
66524
66633
66634
66635
66640
66663
66664
66701
66703
66779
66788
66803
66804
66805
66806
66807
66808
66809
66810
66811
66812
66813
66814
66815
66816
66817
66818
66849
66850
66851
66853
66854
66856
66857
66858
66859
66860
66861
66862
66863
66864
66865
66866
66868
66869
66870
66871
66872
66873
66874
66875
66876
66877
66878
66879
66880
66881
66882
66884
66885
66886
66887
66888
66889
66894
66910
66911
66912
66913
66914
66915
66917
66918
66919
66920
66922
66923
66924
66925
66926
66927
66928
66929
66930
66931
66932
66933
66934
66935
66936
66937
66938
66939
66940
66941
66945
66946
66947
66948
66949
66950
66951
66952
66953
66954
66955
66956
66957
66958
66959
66960
66961
66962
66963
66964
66965
66966
66967
66968
66969
66970
66971
66972
66973
66974
66975
66976
66977
66992
66993
66997
66998
66999
67000
67012
67013
67014
67015
67167
67190
67191
67222
67225
67226
67227
67228
67229
67230
67234
67269
67309
67310
67311
67446
67447
67449
67451
67452
67454
67455
67456
67463
67464
67465
67466
67468
67471
67472
67473
67474
67496
67506
67507
67508
67509
67510
67511
67513
67530
67531
67545
67546
67552
67554
67559
67560
67561
67562
67563
67564
67565
67566
67589
67596
67599
67623
67624
67625
67626
67648
67649
67650
67652
67653
67654
67655
67656
67657
67658
67659
67670
67671
67672
67701
67734
67736
67752
67755
67762
67768
67769
67781
67782
67786
67787
67788
67789
67790
67791
67792
68236
68237
68238
68239
68242
68243
68244
68245
68247
68248
68408
68409
68424
68425
68426
68427
68428
68429
68430
68431
68432
68433
68434
68435
68443
68445
68447
68448
68507
68530
68532
68533
68534
68535
68542
68570
68571
68576
68588
68589
68590
68591
68593
68594
68595
68596
68597
68598
68599
68681
68696
68707
68708
68709
68710
68711
68712
68713
68739
68740
68741
68742
68743
68744
68745
68746
68747
68748
68816
68817
68818
68819
68855
68856
68857
68858
68871
68902
68906
68907
68999
69021
69027
69171
69172
69173
69174
69175
69176
69177
69178
69258
69259
69260
69261
69262
69263
69264
69270
69272
69291
69299
69349
69361
69362
69556
69557
69558
69559
69560
69562
69587
69588
69589
69590
69591
69592
69593
69594
69636
69638
69646
69647
69665
69683
69686
69688
69689
69690
69691
69693
69694
69695
69696
69719
69720
69721
69722
69724
69725
69728
69729
69730
69731
69733
69734
69735
69736
69776
69782
69786
69829
69831
69834
69835
69836
69837
69838
69839
69840
69864
69925
69926
69928
69929
69933
69938
69939
69950
69951
69952
69953
69954
69955
70040
70041
70043
70044
70045
70163
70168
70171
70172
70173
70190
70191
70193
70194
70198
70199
70201
70202
70204
70205
70239
70240
70241
70242
70243
70244
70245
70250
70251
70267
70268
70272
70273
70274
70275
70282
70283
70285
70405
70406
70407
70412
70417
70418
70419
70434
70435
70436
70437
70438
70439
70440
70441
70442
70443
70444
70445
70446
70447
70448
70449
70450
70451
70452
70454
70455
70456
70457
70458
70459
70460
70461
70462
70463
70464
70465
70466
70467
70468
70469
70470
70471
70472
70509
70512
70513
70517
70656
70658
70659
70809
70811
70821
70822
70824
70874
70876
70877
70882
70885
70886
70887
70888
70889
70913
70914
70933
70934
70935
70936
70937
70938
70939
70940
70941
70942
70943
70947
70948
70949
70951
70953
70954
70957
70959
70960
70962
70963
70964
70965
70966
70967
70968
70969
71087
71088
71089
71090
71091
71093
71094
71095
71097
71099
71100
71101
71102
71103
71104
71105
71106
71107
71108
71109
71110
71111
71112
71113
71150
71151
71152
71153
71154
71156
71159
71160
71161
71167
71197
71198
71199
71201
71202
71215
71217
71218
71221
71222
71223
71224
71226
71227
71229
71256
71257
71259
71261
71263
71265
71266
71270
71271
71272
71273
71274
71275
71305
71306
71307
71308
71309
71310
71311
71312
71313
71315
71317
71318
71320
71321
71343
71344
71345
71346
71347
71373
71374
71375
71376
71377
71378
71379
71380
71381
71386
71387
71388
71389
71390
71391
71392
71393
71394
71395
71396
71397
71398
71401
71402
71403
71404
71405
71406
71408
71433
71438
71440
71488
71492
71502
71504
71505
71526
71551
71552
71553
71554
71555
71556
71557
71558
71559
71560
71608
71609
71610
71611
71613
71614
71615
71616
71618
71619
71621
71679
71686
71687
71688
71689
71696
71697
71698
71702
71720
71723
71779
71781
71782
71783
71784
71785
71803
71804
71805
71806
71807
71808
71809
71810
71811
71812
71813
71814
71815
71817
71819
71820
71821
71823
71857
71858
71859
71866
71867
71869
71871
71872
71873
71874
71876
71877
71878
71879
71880
71881
71882
71920
71921
71922
71923
71924
71925
71926
71927
71928
71929
71930
71931
71932
71933
71934
71936
71946
71947
71948
71949
71952
71954
71955
71956
71957
71960
71964
71966
71986
71988
71989
71990
71991
71992
72025
72026
72027
72028
72051
72053
72054
72055
72057
72060
72061
72062
72063
72132
72133
72147
72148
72202
72203
72204
72228
72229
72230
72231
72285
72450
72451
72452
72453
72454
72455
72458
72459
72460
72461
72462
72474
72563
72567
72591
72592
72593
72594
72595
72596
72597
72598
72599
72600
72601
72602
72603
72606
72608
72609
72610
72611
72639
72683
72684
72685
72686
72687
72688
72689
72690
72691
72692
72693
72694
72695
72696
72697
72698
72699
72700
72727
72728
72729
72730
72731
72732
72733
72734
72735
72736
72737
73002
73003
73004
73005
73006
73017
73089
73095
73097
73098
73177
73178
73179
73180
73181
73182
73183
73184
73185
73188
73189
73307
73308
73316
73327
73328
73329
73330
73331
73332
73334
73336
73337
73338
73339
73364
73442
73443
73478
73479
73480
73481
73482
73483
73485
73501
73502
73503
73504
73505
73506
73507
73508
73509
73541
73571
73581
73660
73990
74065
74067
74068
74069
74134
74135
74136
74137
74138
74139
74140
74141
74142
74185
74190
74198
74257
74258
74311
74349
74350
74351
74352
74353
74354
74355
74359
74360
74361
74363
74364
74424
74429
74430
74431
74433
74437
74443
74482
74519
74524
74539
74540
74632
74633
74634
74635
74636
74666
74667
74668
74774
74775
74776
74882
74886
74887
74910
74912
74914
74915
74916
74919
74944
74947
74948
74950
74951
74952
74953
74956
74957
74968
74982
74983
74984
74985
74986
74987
74988
74989
74990
75029
75030
75032
75040
75191
75195
75196
75220
75222
75223
75224
75225
75226
75227
75228
75229
75231
75232
75233
75234
75235
75236
75237
75238
75239
75240
75244
75247
75248
75264
75265
75266
75267
75268
75269
75270
75271
75272
75273
75274
75275
75285
75286
75289
75290
75292
75293
75294
75306
75318
75529
75605
75606
75608
75609
75610
75611
75650
75658
75667
75669
75670
75671
75672
75673
75674
75675
75680
75681
75682
75684
75685
75686
75704
75705
75706
75707
75710
75711
75712
75713
75714
75715
75716
75758
75772
75865
75891
75893
75894
75895
75896
75897
75898
75900
75904
75907
75909
75910
75911
75914
75915
75916
75917
75918
75919
75971
75972
75973
75974
76114
76118
76119
76120
76122
76133
76134
76135
76136
76137
76140
76142
76146
76153
76204
76208
76271
76293
76294
76295
76296
76297
76298
76299
76349
76350
76351
76352
76353
76354
76355
76356
76357
76385
76386
76387
76388
76389
76391
76392
76393
76394
76395
76425
76438
76439
76441
76447
76449
76494
76495
76497
76500
76506
76507
76509
76510
76511
76512
76513
76542
76545
76549
76550
76551
76552
76553
76554
76555
76655
76656
76657
76658
76664
76665
76757
76828
77195
77197
77207
77208
77209
77210
77211
77215
77222
77381
77382
77383
77384
77385
77386
77387
77388
77400
77401
77423
77518
77520
77524
77525
77526
77553
77554
77555
77556
77567
77573
77777
77778
77862
77864
77865
77866
77868
77869
77870
77932
77934
77935
77938
77939
77940
77941
77943
77944
77945
77949
78006
78011
78016
78017
78019
78037
78060
78064
78066
78068
78096
78100
78123
78126
78133
78155
78297
78304
78310
78314
78518
78519
78520
78521
78522
78523
78524
78525
78548
78549
78550
78555
78557
78560
78835
78836
78837
78838
78840
78842
78844
78846
78983
78985
78987
78988
78990
78991
78992
78993
78994
78995
78996
78997
78999
79000
79001
79002
79399
79567
79568
79569
79570
79571
79572
79573
79574
79578
79581
79585
79589
79596
79603
79604
79609
79617
79641
79642
79684
79685
79686
79687
79688
79689
79707
79729
79784
79785
79787
79789
79790
79791
79840
79841
79843
79844
79845
79847
79848
79849
79851
79852
79853
79915
79916
79918
79919
79920
79969
79974
79976
79991
79994
79998
79999
80022
80023
80025
80027
80028
80029
80030
80032
80076
80077
80078
80079
80080
80106
80107
80152
80164
80165
80166
80167
80168
80169
80229
80230
80231
80232
80233
80234
80235
80287
80290
80294
80295
80296
80353
80391
80393
80399
80426
80427
80428
80429
80430
80431
80432
80433
80434
80435
80436
80437
80634
80644
80646
80651
80777
80785
80786
80787
80788
80789
80790
80791
80792
80794
80814
80842
80843
80901
80903
80904
80905
81016
81017
81019
81022
81035
81053
81054
81055
81056
81057
81058
81059
81060
81065
81086
81087
81088
81089
81090
81153
81157
81185
81186
81187
81190
81192
81254
81358
81853
81854
81855
81862
81866
81867
81872
81875
81876
81880
81881
81882
81883
81884
81885
81886
81888
81939
81941
81942
81943
81944
82031
82049
82052
82053
82055
82056
82058
82059
82062
82063
82064
82065
82068
82071
82158
82161
82165
82166
82169
82170
82224
82230
82243
82245
82246
82248
82249
82313
82314
82316
82317
82318
82320
82321
82323
82324
82325
82327
82328
82329
82330
82332
82333
82334
82335
82336
82337
82405
82406
82411
82414
82440
82442
82447
82452
82456
82459
82499
82501
82502
82504
82506
82509
82522
82523
82525
82526
82527
82528
82529
82530
82531
82579
82580
82581
82582
82583
82584
82585
82648
82649
82654
82695
82702
82703
82704
82705
82706
82707
82708
82709
82711
82712
82713
82714
82715
82716
82720
82756
82758
82773
82860
82862
82882
82883
82884
82885
82887
82888
82889
82891
82895
82897
82898
82899
82900
82904
82908
82911
82913
83041
83042
83043
83044
83046
83047
83054
83055
83059
83060
83065
83066
83093
83196
83200
83398
83400
83451
83625
83627
83629
83630
83631
83632
83633
83634
83635
83636
83637
83690
83705
83706
83707
83708
83709
83710
83711
83712
83713
83714
83716
83813
83867
83900
83909
83912
83949
83950
83955
83956
83957
83958
83961
83967
83968
83970
83971
84012
84014
84087
84088
84089
84090
84092
84093
84094
84137
84138
84140
84143
84170
84171
84172
84173
84174
84261
84262
84263
84283
84289
84292
84293
84294
84312
84324
84383
84394
84414
84515
84516
84517
84518
84519
84520
84538
84567
84568
84569
84570
84571
84572
84573
84607
84622
84623
84742
84760
84761
84765
84767
84775
84785
84786
84787
84789
84790
84791
84792
84793
84794
84826
84830
84903
85072
85073
85074
85076
85240
85254
85255
85259
85260
85287
85288
85289
85341
85342
85344
85345
85399
85401
85402
85415
85444
85445
85446
85447
85448
85467
85468
85469
85483
85499
85506
85509
85524
85690
85697
85698
85701
85702
85705
85706
85707
85708
85709
85790
85813
85814
85815
85841
85843
85865
85867
85869
85890
85891
85892
85922
85941
85942
85945
85947
85948
85949
85965
86042
86043
86044
86102
86103
86104
86105
86106
86107
86146
86152
86153
86154
86155
86156
86157
86158
86159
86161
86162
86163
86165
86166
86167
86168
86217
86219
86253
86254
86255
86257
86258
86295
86297
86298
86299
86300
86335
86337
86338
86414
86442
86454
86466
86467
86468
86469
86470
86511
86561
86563
86564
86565
86577
86578
86579
86580
86715
86726
86789
86792
86798
86920
86997
86999
87002
87003
87061
87062
87063
87064
87065
87066
87067
87122
87123
87124
87125
87126
87127
87130
87131
87132
87133
87134
87135
87136
87137
87140
87141
87146
87150
87174
87220
87221
87225
87235
87236
87272
87273
87274
87293
87294
87350
87351
87353
87356
87359
87364
87365
87370
87371
87372
87376
87483
87486
87488
87521
87571
87572
87573
87574
87575
87576
87590
87591
87592
87593
87594
87595
87596
87597
87598
87599
87600
87620
87621
87622
87637
87638
87640
87700
87701
87703
87704
87969
88475
88476
88479
88481
88483
88815
88818
88824
88825
88826
88827
88828
88829
88830
88831
88902
88903
88907
88917
88920
88924
88925
88926
88935
88936
88937
88938
88939
88940
88956
88957
88958
89215
89336
89466
89472
89524
89526
89527
89529
89531
89535
89536
89613
89616
89617
89620
89623
89630
89631
89633
89634
89635
89636
89637
89638
89870
89874
89876
89879
89880
89882
89884
89885
89983
89984
90081
90404
90406
90408
90411
90573
90577
90578
90584
90586
90588
90619
90621
90623
90624
90631
90632
90633
90634
90635
90636
90637
90649
90656
90670
90690
90691
90692
90693
90694
90707
90714
90721
90769
90772
90796
90797
90798
90799
90800
90802
90805
90808
90827
90834
90847
90852
90879
90891
90977
90983
90984
90986
90989
90990
90991
90992
91048
91061
91062
91064
91066
91067
91068
91069
91074
91075
91090
91096
91097
91099
91100
91101
91131
91156
91207
91208
91209
91210
91211
91212
91213
91214
91215
91216
91217
91218
91221
91222
91223
91224
91225
91226
91227
91235
91236
91237
91294
91295
91297
91298
91300
91301
91302
91303
91304
91305
91308
91310
91311
91314
91316
91321
91322
91323
91324
91325
91326
91327
91328
91333
91336
91337
91339
91340
91341
91348
91357
91366
91414
91415
91416
91417
91418
91419
91420
91421
91434
91435
91436
91437
91439
91440
91441
91442
91444
91447
91448
91456
91457
91556
91564
91742
91743
91744
91745
91746
91747
91748
91749
91750
91751
91752
91753
91754
91758
91789
91794
91795
91840
91841
91842
91843
91844
91845
91846
91847
91848
91849
91850
91852
91853
91854
91855
91856
91857
91858
91860
91861
91863
91864
91865
91866
91867
91877
91878
91886
91887
91888
91889
91890
91892
91895
91896
91898
91914
91918
91935
91940
91941
91942
91943
91944
91945
91982
91983
91984
91987
91998
92274
92276
92277
92278
92279
92280
92281
92462
92463
92464
92465
92476
92493
92498
92499
92502
92504
92510
92514
92516
92517
92518
92519
92520
92521
92537
92547
92550
92552
92555
92557
92558
92566
92567
92568
92570
92571
92572
92714
92715
92854
92867
92869
92871
92875
92876
92877
92879
92880
92882
92883
92884
93015
93016
93017
93022
93023
93024
93025
93026
93027
93028
93029
93030
93031
93032
93033
93049
93052
93053
93054
93055
93056
93057
93058
93059
93060
93062
93063
93064
93077
93081
93085
93086
93360
93361
93362
93398
93425
93430
93431
93432
93433
93436
93437
93439
93440
93442
93443
93565
93568
93569
93573
93582
93583
93584
93587
93590
93591
93599
93603
93604
93612
93613
93721
93722
93723
93725
93858
93860
93861
93862
93863
93930
93931
93932
93933
93934
93935
93936
93937
93938
93939
94024
94025
94031
94065
94194
94195
94196
94197
94198
94237
94256
94257
94258
94259
94260
94261
94262
94264
94265
94286
94337
94338
94339
94340
94341
94342
94346
94347
94408
94409
94410
94412
94413
94417
94418
94420
94425
94427
94450
94451
94452
94453
94454
94455
94456
94458
94460
94461
94462
94463
94464
94466
94629
94633
94771
94775
95169
95170
95171
95172
95173
95174
95175
95176
95177
95178
95180
95183
95193
95194
95195
95197
95198
95199
95200
95211
95212
95213
95214
95215
95216
95217
95218
95219
95220
95221
95222
95223
95224
95225
95226
95227
95228
95229
95230
95232
95244
95245
95246
95247
95373
95380
95381
95382
95507
95508
95512
95517
95523
95547
95548
95549
95551
95553
95563
95571
95672
95673
95675
95676
95678
95679
95733
95735
95752
95753
95761
95799
95800
95868
95909
96143
96146
96636
96637
96640
96641
96652
96654
96656
96658
96659
96660
96661
96662
96663
96665
96669
96673
96674
96676
96677
96709
96710
96711
96712
96713
96714
96715
96716
96717
96727
96928
96929
96930
96931
96932
96933
96934
96971
96980
96987
97053
97166
97167
97204
97205
97206
97210
97212
97213
97214
97288
97291
97292
97294
97309
97324
97334
97372
97376
97384
97385
97386
97387
97388
97389
97390
97391
97392
97394
97395
97396
97397
97398
97399
97400
97401
97402
97403
97527
97528
97529
97530
97531
97532
97533
97534
97535
97536
97537
97538
97539
97541
97543
97769
97771
97772
97773
97774
97775
97836
97838
97839
97843
97878
97879
97880
97881
97882
97883
97884
97885
97895
97896
97898
97899
97900
97901
97978
97979
97981
97982
97983
97984
97985
97991
97992
97993
97994
97995
97996
98220
98239
98240
98243
98245
98246
98247
98250
98377
98418
98464
98465
98482
98484
98485
98486
98487
98488
98489
98490
98491
98530
98558
98559
98560
98566
98568
98571
98572
98614
98615
98616
98679
98702
98720
98722
98724
98728
98796
98797
98798
98799
98800
98802
98803
98804
98805
98906
98907
98908
98909
98910
98912
98913
98914
98915
98916
98917
98918
98919
98920
98921
98922
98924
98925
98926
98927
98930
98931
98933
98934
98937
98938
98939
98940
98941
98942
98943
98944
98945
98946
98947
98948
98949
98950
98951
98952
98953
98967
98968
98969
98970
98972
98973
98974
98975
98976
98977
98978
98979
98980
98981
98982
98983
98984
98985
98986
98987
98988
98989
98990
98991
98992
98993
98994
98995
98996
98997
98998
98999
99000
99001
99002
99003
99004
99005
99006
99007
99008
99009
99010
99011
99012
99013
99014
99015
99016
99017
99018
99019
99020
99021
99022
99023
99024
99025
99026
99027
99028
99029
99030
99031
99033
99034
99035
99036
99037
99038
99039
99040
99069
99073
99131
99132
99133
99144
99145
99148
99150
99151
99152
99154
99157
99158
99161
99163
99172
99174
99176
99178
99179
99183
99184
99185
99250
99251
99252
99253
99254
99255
99256
99257
99258
99259
99300
99301
99302
99303
99304
99305
99306
99307
99308
99309
99310
99312
99356
99359
99412
99413
99414
99415
99416
99417
99418
99479
99480
99481
99482
99483
99484
99485
99486
99487
99488
99489
99490
99491
99492
99493
99494
99495
99496
99497
99498
99499
99500
99535
99536
99537
99538
99639
99640
99643
99644
99645
99646
99647
99648
99649
99651
99653
99654
99656
99657
99658
100473
100476
100477
100523
100524
100525
100526
100531
100532
100533
100534
100543
100547
100794
100796
100801
100831
100834
100837
100916
100917
100920
100921
100922
100924
100926
100927
100928
100930
101067
101068
101069
101070
101078
101081
101083
101086
101088
101089
101093
101095
101101
101104
101107
101109
101150
101151
101154
101160
101167
101316
101402
101406
101410
101412
101752
101765
101860
101928
101929
101930
102110
102111
102133
102134
102153
102156
102159
102161
102163
102164
102168
102169
102170
102171
102172
102173
102174
102175
102194
103525
103526
103528
103595
103785
103787
103788
103790
103796
103798
103799
103801
103803
103804
103805
103806
103807
103810
103813
103814
103815
103816
103828
104059
104061
104070
104071
104072
104073
104074
104085
104087
104088
104135
104137
104190
104191
104193
104201
104259
104260
104261
104262
104263
104264
104271
104273
104344
104346
104352
104353
104354
104355
104408
104409
104410
104412
104413
104423
104424
104425
104427
104430
104431
104432
104614
104622
104627
104658
104659
104660
104661
104662
104663
104665
104667
104688
104689
104691
104719
104722
104723
104766
104770
104807
104808
104809
104810
104811
104812
104813
104814
104815
104816
104960
105020
105027
105111
105112
105113
105114
105115
105116
105117
105118
105179
105192
105245
105246
105247
105393
105397
105400
105401
105402
105403
105404
105405
105406
105407
105409
105410
105427
105428
105431
105434
105438
105440
105442
105444
105445
105446
105447
105448
105449
105523
105526
105550
105551
105663
105665
105666
105667
105668
105669
105689
105699
105700
105701
105703
105721
105816
105817
105818
105819
105820
105821
105822
105823
105869
105888
105889
105905
105906
105907
105908
105909
105910
105911
105930
105935
105942
105956
105958
105960
105962
105963
106275
106276
106332
106338
106340
106341
106443
106455
106459
106460
106461
106462
106464
106520
106605
106609
106610
106691
106693
106694
106696
106700
106701
106768
106769
106770
106771
106772
106773
106774
106834
106864
106879
106881
106927
106933
106934
106939
106940
107018
107019
107022
107023
107024
107026
107042
107043
107044
107045
107089
107090
107100
107102
107103
107104
107105
107106
107107
107119
107120
107121
107122
107123
107124
107202
107203
107206
107207
107208
107356
107362
107364
107381
107382
107384
107385
107386
107387
107475
107480
107481
107482
107483
107499
107500
107501
107502
107503
107504
107505
107507
107508
107509
107510
107511
107512
107514
107568
107570
107572
107573
107575
107576
107580
107581
107582
107585
107586
107587
107614
107615
107619
107620
107621
107622
107623
107649
107652
107653
107655
107656
107657
107658
107660
107661
107662
107743
107744
107745
107747
107748
107749
107800
107808
107814
107815
107831
107842
107843
107844
107845
107846
107847
107848
107849
107854
107856
108028
108029
108030
108032
108033
108034
108035
108047
108048
108052
108053
108058
108148
108149
108150
108151
108152
108153
108154
108187
108188
108192
108215
108216
108217
108218
108219
108220
108221
108222
108227
108228
108229
108291
108292
108293
108294
108295
108296
108309
108310
108311
108312
108315
108316
108317
108440
108441
108452
108453
108454
108455
108462
108463
108758
108760
108762
108764
108765
108771
108772
108773
108775
108788
108792
108793
108795
108797
108798
108800
108801
108802
108803
108804
108805
108806
108810
108811
108924
108929
108937
108938
108939
108940
108941
108942
108944
108946
108949
108950
108951
108952
108953
108954
108955
108956
108958
108959
108960
108963
108964
108965
108966
109062
109063
109064
109069
109070
109073
109074
109076
109078
109079
109080
109081
109082
109083
109108
109111
109112
109113
109236
109237
109238
109240
109351
109352
109353
109354
109373
109374
109464
109465
109466
109467
109470
109471
109472
109473
109474
109475
109476
109477
109482
109484
109485
109489
109492
109493
109494
109495
109496
109498
109502
109503
109504
109505
109506
109507
109524
109529
109532
109536
109539
109540
109541
109551
109653
109657
109658
109659
109661
109665
109668
109669
109682
109683
109705
109709
109710
109731
109874
109880
109897
109898
109899
109907
109914
109916
109920
110159
110160
110161
110162
110163
110164
110165
110169
110170
110231
110232
110234
110403
110404
110405
110406
110407
110408
110409
110411
110412
110413
110414
110415
110416
110418
110422
110424
110425
110426
110429
110430
110434
110545
110624
110625
110626
110627
110628
110631
110632
110633
110635
110683
110710
110718
110723
110724
110725
110727
110728
110729
110733
110734
110856
110857
110858
110859
110860
110861
110862
110863
110924
110925
110926
110932
110933
110935
110943
110944
110981
110986
111166
111167
111207
111208
111209
111210
111211
111212
111213
111214
111215
111238
111307
111308
111309
111310
111312
111374
111380
111381
111383
111384
111449
111450
111455
111462
111552
111553
111554
111555
111573
111581
111582
111583
111587
111588
111637
111638
111639
111640
111641
111642
111644
111645
111646
111665
111671
111672
111701
111702
111703
111704
111705
111708
111709
111748
111779
111780
111781
111782
111784
111786
111787
111788
111789
111790
111791
111792
111821
111822
111823
111824
111850
111851
111855
111869
111902
111903
111904
111905
111906
111907
111908
111909
111910
111918
111920
111921
111930
111931
111932
111968
111969
111972
111976
111977
111978
111979
111986
111987
111988
111989
111990
111991
111992
111993
112013
112014
112015
112079
112080
112083
112084
112085
112087
112192
112193
112194
112195
112212
112213
112214
112216
112217
112218
112246
112247
112251
112313
112368
112369
112370
112371
112372
112373
112374
112375
112376
112377
112378
112379
112380
112381
112382
112383
112384
112402
112407
112489
112491
112492
112493
112494
112495
112496
112497
112498
112499
112500
112501
112502
112503
112504
112505
112506
112507
112509
112510
112523
112524
112525
112533
112665
112755
112756
112758
112759
112760
112761
112762
112763
112764
112765
112766
112787
112822
113137
113138
113139
113140
113154
113158
113159
113160
113161
113162
113163
113286
113287
113288
113289
113290
113291
113292
113293
113295
113296
113297
113298
113299
113300
113301
113302
113310
113312
113313
113314
113326
113327
113328
113329
113330
113331
113332
113347
113348
113349
113350
113351
113352
113353
113354
113355
113358
113399
113400
113403
113404
113406
113407
113408
113409
113521
113522
113523
113524
113525
113526
113527
113528
113529
113545
113546
113547
113548
113549
113550
113551
113552
113553
113559
113562
113563
113594
113595
113596
113597
113598
113599
113600
113601
113602
113603
113604
113605
113606
113607
113608
113659
113727
113750
113811
113812
113813
113814
113815
113816
113817
113818
113819
113820
113821
113823
113824
113936
113937
113939
113940
113941
113942
113943
113947
113948
113982
114038
114039
114043
114071
114240
114241
114243
114244
114246
114267
114269
114271
114273
114288
114307
114308
114309
114310
114333
114334
114335
114337
114339
114427
114428
114429
114431
114651
114652
114653
114654
114655
114656
114657
114658
114659
114797
114798
115158
115159
115226
115356
115357
115358
115359
115360
115361
115362
115363
115364
115365
115366
115367
115369
115370
115371
115372
115373
115375
115376
115377
115378
115379
115380
115381
115384
115385
115386
115387
115388
115389
115390
115593
115594
115595
115612
115614
115615
115617
115618
115619
115620
115621
115622
115625
115626
115627
115716
115717
115718
115719
115720
115725
115729
115733
115736
115738
115739
115741
115742
115743
115910
115913
115914
115916
115917
115918
115919
115920
115924
115931
115933
115934
116021
116022
116023
116024
116025
116028
116030
116057
116078
116295
116297
116298
116299
116300
116301
116302
116303
116304
116305
116306
116307
116308
116309
116310
116311
116312
116313
116314
116338
116339
116340
116341
116342
116343
116365
116366
116367
116368
116370
116371
116463
116541
116543
116544
116545
116546
116702
116720
116721
116722
116723
116724
116725
116726
116727
116728
116729
116730
116731
116732
116752
116754
116822
116825
116826
116827
116829
116830
116831
116832
116860
116861
116862
116863
116864
116865
116866
116867
116884
116902
116903
116904
116906
116907
116908
116909
116910
117193
117202
117209
117210
117211
117254
117261
117278
117279
117280
117282
117283
117284
117285
117286
117310
117311
117462
117463
117464
117465
117466
117774
117777
117783
117789
117790
117791
117858
117859
117860
117861
117862
117863
117864
117865
117866
117867
117868
117869
117948
117949
117950
117951
118042
118045
118047
118048
118050
118051
118052
118053
118054
118055
118056
118064
118065
118066
118067
118197
118198
118199
118200
118201
118202
118203
118204
118226
118227
118230
118232
118261
118281
118285
118286
118287
118328
118329
118330
118375
118376
118377
118378
118379
118380
118381
118382
118383
118483
118485
118491
118495
118497
118563
118572
118573
118574
118575
118576
118577
118578
118619
118620
118621
118622
118623
118624
118625
118626
118627
118628
118649
118650
118651
118652
118653
118654
118655
118656
118657
118658
118659
118661
118662
118664
118665
118666
118667
118668
118669
118673
118699
118705
118706
118724
118725
118726
118727
118728
118729
118730
118731
118732
118733
118736
118737
118740
118746
118856
118857
118858
118859
118860
118861
118862
118863
118867
118868
118869
118870
118984
118985
119014
119019
119020
119021
119022
119023
119024
119075
119077
119115
119124
119136
119245
119246
119247
119248
119249
119250
119251
119252
119253
119254
119255
119256
119375
119378
119396
119414
119538
119548
119549
119551
119552
119553
119554
119564
119565
119566
119567
119570
119577
119581
119714
119722
119753
119756
119759
119820
119944
119945
119946
119947
119970
119971
119972
119973
119974
119976
119977
119978
119986
119987
119989
119990
120095
120121
120147
120148
120153
120156
120162
120163
120164
120167
120170
120173
120174
120175
120176
120181
120185
120198
120334
120335
120443
120444
120445
120446
120447
120448
120449
120450
120451
120452
120453
120454
120455
120456
120457
120458
120459
120460
120461
120463
120464
120465
120506
120511
120533
120535
120538
120539
120540
120784
120785
120913
120914
120915
120916
120917
120918
120919
120920
120921
120922
120923
120924
120926
120927
120928
121204
121205
121206
121207
121208
121209
121210
121211
121212
121213
121214
121215
121216
121217
121223
121225
121230
121232
121252
121253
121254
121255
121258
121259
121276
121277
121278
121287
121289
121290
121363
121367
121373
121569
121573
121574
121575
121581
121582
121583
121584
121585
121586
121587
121588
121717
121718
121719
121720
121721
121722
121723
121724
121725
121726
121727
121767
121768
121769
121770
121806
121811
121812
121814
121821
121822
121823
121824
121833
121863
121864
121865
121994
121999
122002
122042
122043
122045
122046
122047
122048
122049
122050
122109
122115
122117
122118
122119
122122
122123
122124
122125
122126
122127
122128
122131
122135
122144
122163
122165
122167
122180
122181
122182
122183
122184
122185
122186
122187
122188
122189
122206
122248
122249
122258
122259
122260
122371
122372
122373
122374
122375
122377
122378
122379
122380
122381
122382
122396
122463
122464
122465
122466
122467
122468
122469
122470
122471
122535
122538
122539
122540
122543
122544
122545
122614
122615
122616
122617
122618
122619
122678
122679
122680
122681
122682
122684
122699
122700
122701
122703
122704
122705
122706
122709
122710
122711
122712
122713
122714
122715
122716
122723
122724
122725
122726
122727
122728
122729
122731
122732
122733
122734
122735
122736
122801
122802
122872
122873
122874
122875
122880
122881
122882
122884
122895
122896
122898
122899
122904
122905
122906
122907
122908
122912
122914
122933
122949
122951
122955
122958
122961
123095
123098
123225
123226
123227
123263
123267
123271
123274
123275
123276
123277
123334
123335
123336
123338
123339
123340
123341
123366
123367
123368
123369
123370
123371
123372
123373
123375
123378
123379
123381
123382
123383
123389
123391
123392
123393
123418
123419
123420
123421
123422
123423
123424
123425
123426
123428
123429
123430
123431
123432
123454
123455
123457
123460
123463
123464
123465
123466
123469
123470
123471
123472
123473
123600
123605
123608
123609
123610
123611
123619
123620
123640
123642
123643
123644
123646
123660
123661
123662
123678
123679
123680
123681
123682
123684
123706
123718
123719
123720
123750
123751
123756
123757
123758
123759
123766
123769
123770
123818
123819
123820
123822
123823
123824
123826
123827
123828
123829
123830
123831
123833
123837
123839
123840
123841
123842
123843
123844
123845
123846
123847
123862
123863
123864
123865
123893
123894
123895
123896
123897
123898
123914
123915
123916
123917
123918
123919
123920
123921
123985
123988
124004
124005
124006
124007
124008
124108
124109
124110
124111
124112
124333
124335
124336
124337
124338
124339
124340
124342
124396
124397
124398
124399
124400
124401
124402
124404
124405
124406
124407
124412
124413
124414
124415
124417
124418
124421
124422
124423
124443
124444
124445
124446
124457
124458
124459
124462
124463
124464
124465
124466
124467
124468
124469
124475
124498
124503
124504
124505
124506
124507
124508
124552
124553
124556
124557
124560
124565
124566
124567
124682
124698
124730
124732
124733
124740
124743
124745
124748
124749
124751
124869
124871
124878
124879
124880
124881
124882
124883
124902
124904
124905
124906
124907
124908
124909
124910
124976
124977
124978
124979
124980
124993
124995
124997
124998
124999
125000
125016
125111
125112
125115
125116
125117
125118
125184
125202
125282
125283
125295
125371
125372
125376
125434
125439
125443
125445
125446
125447
125478
125482
125485
125486
125487
125494
125495
125496
125529
125530
125531
125532
125541
125542
125543
125544
125545
125546
125547
125548
125549
125550
125552
125559
125560
125561
125562
125563
125564
125585
125586
125587
125589
125590
125592
125613
125615
125686
125692
125693
125694
125696
125697
125698
125700
125702
125705
125734
125735
125739
125743
125744
125775
125810
125811
125866
125868
125873
125876
125878
126031
126032
126033
126034
126035
126037
126038
126039
126040
126041
126043
126044
126045
126174
126175
126176
126177
126178
126179
126200
126201
126209
126210
126211
126212
126213
126222
126296
126299
126301
126359
126361
126399
126432
126433
126434
126435
126436
126437
126438
126439
126440
126461
126463
126483
126484
126487
126488
126513
126514
126515
126517
126518
126523
126527
126529
126530
126531
126532
126590
126591
126592
126593
126594
126595
126596
126597
126604
126656
126661
126664
126665
126744
126745
126779
126788
126889
126890
126891
126892
126893
126894
126895
126896
126897
126898
126909
126913
126915
126917
126918
126919
126921
126924
126928
126929
126967
126968
126977
126981
126983
126984
126985
126987
126988
126989
126990
126991
126992
126993
127017
127018
127019
127020
127021
127022
127027
127063
127064
127065
127073
127074
127075
127076
127077
127078
127079
127080
127081
127082
127083
127084
127085
127086
127087
127088
127090
127091
127092
127093
127153
127154
127156
127157
127158
127160
127161
127162
127163
127164
127195
127197
127198
127199
127200
127201
127202
127241
127242
127243
127244
127245
127246
127260
127261
127262
127270
127272
127282
127283
127332
127333
127334
127335
127336
127337
127338
127344
127346
127347
127382
127408
127409
127427
127448
127476
127477
127479
127480
127487
127488
127626
127716
127723
127724
127725
127734
127742
127745
127747
127749
127750
127751
127752
127753
127754
127755
127794
127810
127828
127918
127919
127920
127979
128253
128254
128255
128256
128257
128302
128437
128438
128439
128440
128475
128480
128481
128497
128501
128502
128505
128525
128618
128622
128665
128667
128703
128704
128705
128706
128708
128824
128842
128901
128916
128918
128919
128920
128921
128922
128923
128924
128925
128926
128987
128988
128989
128991
129045
129082
129084
129085
129122
129123
129124
129125
129126
129127
129128
129211
129221
129225
129227
129228
129231
129232
129233
129234
129261
129262
129263
129264
129265
129266
129267
129269
129341
129342
129344
129345
129346
129350
129351
129353
129354
129355
129356
129357
129370
129373
129427
129436
129443
129469
129470
129471
129472
129473
129474
129475
129476
129477
129478
129479
129480
129481
129482
129483
129484
129485
129486
129487
129488
129489
129490
129491
129492
129493
129494
129495
129496
129497
129498
129499
129500
129501
129502
129583
129602
129616
129618
129672
129673
129685
129686
129687
129688
129689
129690
129691
129692
129724
129729
129730
129731
129755
129803
129819
129823
129824
129834
129836
129841
129843
129881
129903
129905
129906
129907
129908
129909
129911
129912
129913
129916
129917
129938
129963
129964
129965
129993
130012
130013
130014
130015
130017
130078
130079
130080
130081
130082
130083
130106
130111
130112
130114
130162
130163
130164
130165
130166
130167
130169
130279
130280
130281
130282
130319
130337
130350
130355
130396
130397
130398
130399
130400
130401
130402
130403
130404
130431
130447
130448
130450
130452
130453
130455
130498
130501
130502
130505
130530
130536
130541
130542
130543
130580
130581
130598
130602
130603
130604
130605
130606
130607
130638
130639
130640
130645
130649
130651
130652
130660
130663
130666
130684
130685
130686
130687
130688
130690
130706
130707
130708
130802
130803
130804
130805
130806
130807
130808
130809
130854
130855
130856
130867
130868
130869
130870
130871
130872
130874
130876
130877
130878
130880
130881
130882
130883
130884
130885
130887
130888
130889
130890
130894
130895
130896
130897
130898
130899
130901
130902
130904
130905
130906
130907
130908
130909
130910
130911
130913
130914
130915
130916
130917
130918
130919
130941
130946
130947
130949
130957
130958
130960
130961
130962
130987
130995
130996
130997
130998
130999
131000
131001
131002
131003
131004
131005
131010
131011
131012
131013
131014
131015
131017
131018
131023
131025
131026
131119
131122
131126
131127
131128
131146
131153
131161
131164
131171
131172
131177
131178
131179
131180
131189
131190
131191
131192
131193
131194
131195
131196
131197
131303
131341
131416
131417
131418
131419
131420
131421
131423
131424
131438
131442
131443
131447
131450
131529
131530
131531
131532
131533
131535
131537
131538
131539
131551
131561
131568
131570
131578
131639
131650
131651
131652
131653
131654
131655
131766
131768
131769
131788
131790
131808
131810
131811
131812
131813
131814
131815
131817
131833
131835
131905
131909
131954
131955
131956
131957
131958
131960
131961
131963
131964
131981
132015
132020
132021
132022
132043
132044
132095
132119
132120
132121
132123
132124
132125
132126
132127
132129
132130
132131
132132
132147
132148
132149
132150
132151
132152
132153
132154
132189
132190
132191
132193
132194
132195
132196
132197
132217
132227
132228
132229
132230
132231
132232
132235
132236
132237
132238
132309
132431
132433
132463
132468
132515
132516
132517
132518
132519
132520
132521
132522
132523
132547
132549
132552
132553
132554
132555
132556
132557
132558
132560
132663
132664
132665
132666
132667
132668
132669
132670
132671
132672
132673
132676
132693
132695
132696
132697
132698
132699
132700
132701
132758
132782
132785
132798
132799
132800
132801
132802
132803
132862
132883
132892
132893
132894
132901
132907
132908
132909
132910
132911
132912
132913
132915
132955
132956
132957
132958
132959
132960
133003
133004
133005
133006
133007
133008
133009
133010
133011
133012
133014
133017
133018
133021
133133
133300
133301
133302
133320
133326
133327
133328
133329
133330
133421
133422
133423
133424
133425
133426
133427
133428
133429
133430
133478
133480
133482
133483
133484
133485
133486
133624
133625
133626
133627
133628
133629
133630
133631
133727
133728
133730
133769
133797
133800
133801
133804
133805
133806
133807
133808
133809
133810
133811
133812
133813
133843
133934
133935
133936
133937
133939
133979
134023
134024
134025
134026
134027
134028
134029
134030
134031
134032
134033
134048
134049
134050
134051
134064
134069
134081
134082
134083
134186
134187
134188
134317
134318
134319
134320
134352
134353
134354
134355
134356
134357
134358
134360
134361
134362
134363
134364
134365
134597
134598
134599
134622
134623
134624
134625
134626
134628
134629
134645
134646
134647
134648
134650
134754
134755
134756
134757
134758
134759
134967
134968
134969
134972
134973
134974
134978
134980
134982
134983
134984
134985
135004
135005
135006
135007
135008
135009
135023
135027
135037
135040
135041
135042
135115
135116
135117
135118
135210
135571
135580
135701
135702
135703
135704
135705
135807
135810
135811
135987
135988
136084
136085
136086
136087
136088
136089
136092
136093
136105
136106
136108
136109
136111
136112
136113
136132
136135
136136
136273
136274
136318
136319
136400
136401
136402
136403
136420
136427
136428
136455
136457
136458
136462
136463
136523
136710
136711
136712
136713
136714
136715
136716
136717
136718
136719
136882
136883
136929
136930
136933
137049
137050
137051
137052
137053
137117
137135
137146
137147
137148
137149
137150
137178
137179
137180
137181
137182
137183
137184
137198
137199
137200
137201
137202
137203
137204
137205
137206
137207
137208
137209
137210
137273
137274
137275
137276
137277
137278
137390
137391
137392
137393
137394
137395
137396
137397
137398
137399
137400
137420
137421
137422
137427
137428
137429
137430
137431
137432
137433
137434
137435
137436
137461
137494
137539
137541
137542
137549
137552
137560
137564
137565
137566
137578
137579
137581
137582
137583
137584
137585
137586
137587
137588
137589
137590
137591
137592
137666
137726
137727
137728
137729
137730
137731
137732
137733
137734
137735
137736
137737
137738
137739
137836
137837
137840
137873
137874
137876
137891
137892
137893
137894
137897
137905
137906
137920
137921
137922
137923
137924
137925
137926
137927
137928
137929
137933
137937
137939
137940
137941
137942
137943
137944
137945
137946
137947
137948
137949
137950
137951
137952
137988
137989
137991
137992
137993
137994
137995
137996
137997
138007
138008
138011
138012
138013
138014
138042
138044
138045
138046
138047
138048
138049
138050
138051
138052
138132
138133
138134
138135
138136
138137
138138
138203
138204
138205
138206
138208
138209
138260
138262
138263
138274
138275
138276
138277
138278
138279
138280
138281
138291
138292
138293
138297
138298
138299
138300
138301
138302
138303
138304
138305
138312
138313
138314
138315
138316
138342
138347
138353
138354
138407
138408
138409
138411
138412
138480
138484
138486
138489
138506
138511
138582
138583
138584
138585
138586
138659
138732
138733
138734
138735
138736
138737
138738
138739
138740
138917
138918
138925
138929
139001
139059
139060
139061
139062
139063
139064
139065
139066
139106
139108
139109
139111
139119
139120
139121
139122
139144
139145
139172
139173
139174
139225
139232
139233
139234
139235
139236
139323
139325
139331
139332
139333
139363
139369
139414
139458
139459
139460
139484
139486
139487
139488
139489
139490
139525
139528
139529
139533
139535
139584
139589
139626
139627
139628
139629
139630
139631
139632
139633
139634
139635
139685
139686
139718
139719
139720
139721
139722
139723
139724
139725
139726
139727
139728
139729
139765
139766
139767
139768
139792
139844
139875
139948
139949
139950
139951
139952
139953
140120
140274
140277
140288
140290
140296
140299
140303
140305
140306
140315
140317
140318
140319
140320
140321
140322
140323
140324
140329
140330
140331
140332
140333
140334
140335
140336
140337
140338
140339
140340
140341
140342
140343
140347
140363
140365
140366
140367
140368
140369
140370
140371
140372
140373
140374
140375
140376
140377
140378
140379
140380
140383
140384
140385
140386
140387
140561
140562
140563
140579
140587
140601
140602
140606
140607
140792
140838
140839
140941
140942
140943
140944
140945
140946
140948
140949
140950
140951
140952
141059
141063
141076
141134
141135
141136
141138
141157
141158
141159
141160
141161
141162
141163
141165
141170
141171
141172
141230
141231
141368
141369
141370
141371
141372
141373
141374
141412
141413
141414
141415
141416
141563
141565
141842
141843
141845
141847
141848
141849
141853
141854
141856
141857
141869
141870
141871
141872
141892
141893
141895
141967
141968
141969
141970
141975
141990
142122
142123
142125
142126
142127
142131
142144
142145
142147
142148
142149
142150
142291
142292
142294
142296
142297
142298
142299
142300
142302
142303
142306
142307
142369
142372
142373
142374
142375
142376
142377
142378
142379
142389
142391
142392
142393
142394
142395
142396
142397
142398
142399
142400
142401
142411
142412
142413
142414
142415
142417
142452
142453
142454
142455
142456
142457
142458
142459
142460
142461
142462
142506
142507
142510
142512
142515
142518
142588
142589
142590
142591
142592
142932
142933
142965
142966
142967
142969
142970
143020
143033
143038
143040
143042
143043
143047
143048
143050
143052
143054
143078
143079
143080
143081
143082
143083
143084
143085
143090
143091
143093
143094
143096
143100
143101
143102
143103
143104
143105
143107
143108
143109
143110
143120
143126
143127
143128
143129
143131
143132
143133
143134
143135
143136
143137
143138
143139
143142
143143
143144
143145
143146
143278
143280
143464
143465
143527
143528
143529
143530
143531
143923
143942
143943
143944
143945
143990
143991
143992
143993
143994
144161
144163
144164
144165
144166
144167
144168
144174
144175
144176
144177
144178
144390
144391
144392
144393
144394
144395
144396
144397
144398
144399
144400
144401
144402
144422
144488
144490
144491
144560
144565
144570
144574
144575
144722
144723
144724
144725
144726
144727
144728
144729
144730
144732
144779
144780
144781
144782
144803
144808
144991
144992
145021
145022
145023
145024
145025
145026
145035
145036
145037
145038
145039
145040
145073
145099
145100
145101
145129
145179
145198
145206
145207
145208
145209
145242
145354
145357
145461
145563
145564
145565
145566
145567
145568
145569
145570
145571
145572
145601
145602
145603
145604
145605
145611
145612
145616
145617
145618
145619
145689
145690
145691
145692
145693
145694
145695
145696
145697
145698
145699
145700
145701
145712
145716
145717
145720
145721
145723
145725
145726
145753
145763
145764
145765
145766
145767
145768
145770
145771
145772
145773
145774
145775
145779
145879
145895
145908
145916
145968
145982
145985
145986
146000
146002
146003
146004
146005
146039
146040
146041
146042
146162
146165
146167
146168
146169
146424
146425
146429
146430
146456
146457
146479
146480
146537
146538
146542
146543
146544
146546
146547
146682
146684
146699
146701
146708
146709
146710
146711
146714
146717
146719
146720
146721
146722
146723
146938
146939
146940
146941
146942
146943
146944
146945
146946
146947
146948
146949
146962
146963
146964
146965
146966
146967
147007
147008
147009
147010
147011
147012
147013
147014
147015
147016
147147
147150
147157
147158
147159
147160
147161
147162
147163
147164
147165
147166
147167
147168
147171
147173
147180
147181
147182
147183
147184
147185
147186
147187
147188
147189
147190
147192
147193
147210
147211
147212
147213
147214
147266
147297
147298
147299
147300
147301
147302
147303
147304
147305
147306
147307
147308
147376
147377
147378
147379
147380
147381
147382
147383
147385
147386
147387
147388
147403
147404
147405
147406
147407
147408
147410
147411
147414
147415
147416
147417
147757
147760
147761
147762
147769
147771
147772
147773
147774
147775
147804
147805
147806
147808
147809
147810
147811
147812
147814
147831
147835
147836
147839
147840
147881
147882
147883
147884
147885
147919
147920
147921
147922
147923
147924
147947
147948
147949
147950
147951
147952
147953
147954
147955
148014
148015
148016
148017
148018
148062
148096
148134
148145
148161
148162
148163
148237
148241
148253
148266
148297
148298
148299
148300
148301
148345
148347
148348
148349
148350
148351
148352
148353
148354
148355
148440
148442
148451
148453
148454
148488
148490
148493
148495
148511
148512
148515
148530
148533
148565
148566
148582
148583
148592
148598
148599
148600
148601
148618
148621
148623
148625
148626
148627
148631
148633
148634
148635
148643
148644
148645
148646
148647
148648
148649
148650
148651
148653
148775
148776
148777
148779
148780
148781
148782
148821
148836
148840
148841
148842
148843
148844
148846
148847
148866
148870
148878
148881
148882
148883
148884
148885
148886
148887
148896
148928
148932
148934
148935
148936
148960
148961
148962
148978
148979
148980
148981
148982
148983
148984
148986
148987
148988
148989
148998
149068
149073
149074
149077
149080
149081
149119
149120
149121
149122
149131
149133
149137
149147
149148
149187
149191
149196
149205
149209
149210
149211
149212
149213
149214
149375
149405
149406
149407
149408
149409
149410
149411
149413
149414
149489
149514
149516
149517
149518
149519
149520
149521
149522
149545
149547
149563
149571
149572
149605
149609
149611
149612
149647
149648
149663
149668
149669
149670
149671
149685
149686
149694
149695
149696
149698
149699
149702
149703
149705
149706
149707
149708
149709
149710
149711
149713
149716
149717
149718
149719
149720
149721
149722
149723
149724
149725
149726
149735
149755
149756
149841
149844
149868
149889
149890
149913
149938
149940
149952
150035
150097
150310
150311
150312
150313
150354
150355
150356
150357
150395
150399
150400
150479
150481
150482
150587
150590
150983
150984
150985
150986
151028
151030
151032
151037
151038
151039
151040
151041
151045
151047
151048
151049
151050
151051
151053
151054
151055
151061
151062
151063
151064
151109
151112
151113
151131
151133
151134
151135
151136
151137
151141
151142
151243
151244
151245
151246
151256
151262
151263
151264
151266
151267
151269
151285
151287
151288
151289
151290
151402
151403
151501
151502
151503
151515
151529
151531
151640
151642
151643
151654
151728
151729
151730
151731
151764
151765
151766
151851
151966
151968
151972
151973
152317
152318
152319
152322
152323
152325
152326
152327
152328
152330
152331
152332
152458
152460
152463
152464
152465
152466
152467
152532
152533
152534
152536
152537
152538
152539
152540
152541
152542
152544
152559
152560
152561
152562
152563
152564
152565
152566
152567
152574
152575
152576
152577
152578
152579
152580
152624
152625
152628
152632
152639
152640
152641
152650
152651
152652
152653
152654
152655
152656
152657
152658
152659
152660
152661
152662
152672
152680
152681
152704
152720
152721
152844
153203
153333
153334
153335
153336
153365
153420
153425
153428
153865
153919
153945
153951
153953
153954
154046
154319
154352
154353
154354
154355
154356
154357
154358
154359
154360
154363
154364
154365
154390
154410
154412
154428
154433
154434
154435
154443
154449
154450
154483
154490
154492
154493
154494
154502
154512
154513
154514
154567
154656
154672
154747
154853
154894
154896
154897
154920
154925
154926
154962
154963
154964
154965
154966
154995
155000
155063
155064
155065
155108
155130
155138
155140
155141
155142
155289
155290
155291
155292
155293
155294
155295
155296
155297
155298
155306
155307
155314
