              precision    recall  f1-score   support

           0       0.00      0.00      0.00         8
           1       0.57      0.58      0.58        62
           2       0.13      0.56      0.21        18
           3       0.00      0.00      0.00         6
           4       0.89      0.57      0.70       532
           5       0.43      0.19      0.27       125
           6       0.30      0.52      0.38        52
           7       0.66      0.75      0.70       120
           8       0.06      0.12      0.08        74
           9       0.00      0.00      0.00         2
          10       0.18      0.69      0.29        39
          11       0.88      0.96      0.92        51
          12       0.05      0.11      0.06        19
          13       0.84      0.65      0.73       610
          14       0.24      0.26      0.25        42
          15       0.36      0.83      0.50        12

    accuracy                           0.56      1772
   macro avg       0.35      0.42      0.35      1772
weighted avg       0.70      0.56      0.61      1772
