              precision    recall  f1-score   support

           0       0.00      0.00      0.00         8
           1       0.57      0.55      0.56        62
           2       0.14      0.33      0.20        18
           3       0.00      0.00      0.00         6
           4       0.74      0.70      0.72       532
           5       0.22      0.20      0.21       125
           6       0.20      0.19      0.19        52
           7       0.58      0.61      0.60       120
           8       0.08      0.01      0.02        74
           9       0.00      0.00      0.00         2
          10       0.16      0.31      0.21        39
          11       0.96      0.96      0.96        51
          12       0.00      0.00      0.00        19
          13       0.71      0.80      0.75       610
          14       0.12      0.02      0.04        42
          15       0.38      0.50      0.43        12

    accuracy                           0.61      1772
   macro avg       0.30      0.32      0.31      1772
weighted avg       0.59      0.61      0.59      1772
