              precision    recall  f1-score   support

           0       0.00      0.00      0.00         8
           1       0.58      0.66      0.62        62
           2       0.14      0.39      0.20        18
           3       0.00      0.00      0.00         6
           4       0.86      0.62      0.72       532
           5       0.35      0.32      0.34       125
           6       0.42      0.63      0.51        52
           7       0.55      0.71      0.62       120
           8       0.14      0.19      0.16        74
           9       0.00      0.00      0.00         2
          10       0.33      0.69      0.45        39
          11       0.85      1.00      0.92        51
          12       0.03      0.11      0.04        19
          13       0.88      0.77      0.82       610
          14       0.12      0.14      0.13        42
          15       0.38      0.83      0.53        12

    accuracy                           0.63      1772
   macro avg       0.35      0.44      0.38      1772
weighted avg       0.70      0.63      0.65      1772
