              precision    recall  f1-score   support

           0       0.00      0.00      0.00         8
           1       0.59      0.76      0.67        62
           2       0.22      0.44      0.29        18
           3       0.00      0.00      0.00         6
           4       0.80      0.73      0.76       532
           5       0.39      0.33      0.35       125
           6       0.26      0.40      0.32        52
           7       0.57      0.79      0.66       120
           8       0.00      0.00      0.00        74
           9       0.00      0.00      0.00         2
          10       0.34      0.46      0.39        39
          11       0.96      0.98      0.97        51
          12       0.12      0.16      0.14        19
          13       0.77      0.80      0.78       610
          14       0.12      0.05      0.07        42
          15       0.32      0.58      0.41        12

    accuracy                           0.66      1772
   macro avg       0.34      0.41      0.36      1772
weighted avg       0.64      0.66      0.65      1772
