              precision    recall  f1-score   support

           0       0.00      0.00      0.00         8
           1       0.39      0.97      0.56        62
           2       0.05      0.78      0.09        18
           3       0.00      0.00      0.00         6
           4       0.85      0.56      0.68       532
           5       0.50      0.21      0.29       125
           6       0.22      0.71      0.34        52
           7       0.87      0.60      0.71       120
           8       0.09      0.09      0.09        74
           9       0.00      0.00      0.00         2
          10       0.20      0.49      0.28        39
          11       1.00      0.90      0.95        51
          12       0.00      0.00      0.00        19
          13       0.80      0.46      0.59       610
          14       0.13      0.19      0.16        42
          15       0.37      0.92      0.52        12

    accuracy                           0.50      1772
   macro avg       0.34      0.43      0.33      1772
weighted avg       0.69      0.50      0.55      1772
