              precision    recall  f1-score   support

           0       0.00      0.00      0.00         8
           1       0.80      0.90      0.85        62
           2       0.00      0.00      0.00        18
           3       0.00      0.00      0.00         6
           4       0.62      0.87      0.72       532
           5       0.48      0.10      0.17       125
           6       0.66      0.37      0.47        52
           7       0.94      0.39      0.55       120
           8       0.00      0.00      0.00        74
           9       0.00      0.00      0.00         2
          10       1.00      0.13      0.23        39
          11       0.98      0.98      0.98        51
          12       0.00      0.00      0.00        19
          13       0.72      0.91      0.80       610
          14       0.00      0.00      0.00        42
          15       0.83      0.42      0.56        12

    accuracy                           0.69      1772
   macro avg       0.44      0.32      0.33      1772
weighted avg       0.63      0.69      0.62      1772
