              precision    recall  f1-score   support

           0       0.00      0.00      0.00         8
           1       0.43      0.92      0.58        62
           2       0.11      0.33      0.16        18
           3       0.00      0.00      0.00         6
           4       0.69      0.61      0.65       532
           5       0.47      0.12      0.19       125
           6       0.30      0.27      0.29        52
           7       0.70      0.17      0.28       120
           8       0.12      0.20      0.15        74
           9       0.00      0.00      0.00         2
          10       0.11      0.67      0.19        39
          11       1.00      0.92      0.96        51
          12       0.00      0.00      0.00        19
          13       0.87      0.67      0.75       610
          14       0.13      0.29      0.18        42
          15       0.36      0.83      0.50        12

    accuracy                           0.54      1772
   macro avg       0.33      0.38      0.31      1772
weighted avg       0.65      0.54      0.56      1772
