              precision    recall  f1-score   support

           0       0.00      0.00      0.00         8
           1       0.53      0.63      0.58        62
           2       0.10      0.33      0.16        18
           3       0.00      0.00      0.00         6
           4       0.74      0.59      0.66       532
           5       0.19      0.28      0.22       125
           6       0.12      0.15      0.14        52
           7       0.56      0.62      0.59       120
           8       0.04      0.01      0.02        74
           9       0.00      0.00      0.00         2
          10       0.14      0.23      0.17        39
          11       0.81      0.98      0.88        51
          12       0.00      0.00      0.00        19
          13       0.74      0.68      0.71       610
          14       0.20      0.21      0.21        42
          15       0.13      0.33      0.19        12

    accuracy                           0.55      1772
   macro avg       0.27      0.32      0.28      1772
weighted avg       0.59      0.55      0.56      1772
