              precision    recall  f1-score   support

           0       0.00      0.00      0.00         8
           1       0.56      0.65      0.60        62
           2       0.00      0.00      0.00        18
           3       0.00      0.00      0.00         6
           4       0.80      0.39      0.52       532
           5       0.22      0.27      0.24       125
           6       0.17      0.31      0.22        52
           7       0.39      0.69      0.50       120
           8       0.12      0.04      0.06        74
           9       0.00      0.00      0.00         2
          10       0.23      0.46      0.31        39
          11       0.78      0.98      0.87        51
          12       0.01      0.05      0.01        19
          13       0.84      0.56      0.68       610
          14       0.04      0.12      0.06        42
          15       0.23      0.83      0.36        12

    accuracy                           0.46      1772
   macro avg       0.27      0.33      0.28      1772
weighted avg       0.63      0.46      0.51      1772
