              precision    recall  f1-score   support

           0       0.00      0.00      0.00         8
           1       0.48      0.87      0.62        62
           2       0.09      0.61      0.16        18
           3       0.00      0.00      0.00         6
           4       0.84      0.55      0.66       532
           5       0.30      0.33      0.31       125
           6       0.28      0.52      0.36        52
           7       0.58      0.82      0.68       120
           8       0.06      0.01      0.02        74
           9       0.00      0.00      0.00         2
          10       0.22      0.56      0.31        39
          11       0.89      0.96      0.92        51
          12       0.00      0.00      0.00        19
          13       0.87      0.63      0.73       610
          14       0.04      0.10      0.06        42
          15       0.31      1.00      0.47        12

    accuracy                           0.56      1772
   macro avg       0.31      0.44      0.33      1772
weighted avg       0.67      0.56      0.59      1772
