              precision    recall  f1-score   support

           0       0.00      0.00      0.00         8
           1       0.70      0.90      0.79        62
           2       0.00      0.00      0.00        18
           3       0.00      0.00      0.00         6
           4       0.62      0.88      0.73       532
           5       0.58      0.11      0.19       125
           6       0.53      0.35      0.42        52
           7       0.96      0.38      0.54       120
           8       0.00      0.00      0.00        74
           9       0.00      0.00      0.00         2
          10       1.00      0.05      0.10        39
          11       0.96      0.98      0.97        51
          12       0.00      0.00      0.00        19
          13       0.72      0.92      0.80       610
          14       0.00      0.00      0.00        42
          15       0.75      0.25      0.38        12

    accuracy                           0.69      1772
   macro avg       0.43      0.30      0.31      1772
weighted avg       0.63      0.69      0.62      1772
