              precision    recall  f1-score   support

           0       0.00      0.00      0.00         8
           1       0.42      0.90      0.57        62
           2       0.20      0.17      0.18        18
           3       0.00      0.00      0.00         6
           4       0.82      0.51      0.63       532
           5       0.31      0.14      0.20       125
           6       0.18      0.50      0.27        52
           7       0.48      0.62      0.55       120
           8       0.11      0.11      0.11        74
           9       0.00      0.00      0.00         2
          10       0.08      0.59      0.14        39
          11       0.86      0.98      0.92        51
          12       0.22      0.11      0.14        19
          13       0.89      0.59      0.71       610
          14       0.29      0.36      0.32        42
          15       0.37      0.83      0.51        12

    accuracy                           0.52      1772
   macro avg       0.33      0.40      0.33      1772
weighted avg       0.67      0.52      0.56      1772
