              precision    recall  f1-score   support

           0       0.00      0.00      0.00         8
           1       0.59      0.89      0.71        62
           2       0.08      0.33      0.13        18
           3       0.00      0.00      0.00         6
           4       0.85      0.51      0.64       532
           5       0.40      0.34      0.36       125
           6       0.32      0.40      0.36        52
           7       0.52      0.69      0.59       120
           8       0.03      0.01      0.02        74
           9       0.00      0.00      0.00         2
          10       0.23      0.46      0.31        39
          11       0.96      0.94      0.95        51
          12       0.02      0.21      0.04        19
          13       0.85      0.62      0.72       610
          14       0.10      0.26      0.15        42
          15       0.29      0.67      0.40        12

    accuracy                           0.53      1772
   macro avg       0.33      0.40      0.34      1772
weighted avg       0.68      0.53      0.58      1772
