              precision    recall  f1-score   support

           0       0.00      0.00      0.00         8
           1       0.75      0.81      0.78        62
           2       0.02      0.06      0.03        18
           3       0.00      0.00      0.00         6
           4       0.74      0.60      0.66       532
           5       0.18      0.26      0.21       125
           6       0.18      0.12      0.14        52
           7       0.53      0.57      0.55       120
           8       0.17      0.22      0.19        74
           9       0.00      0.00      0.00         2
          10       0.23      0.46      0.31        39
          11       0.81      0.98      0.88        51
          12       0.20      0.05      0.08        19
          13       0.80      0.70      0.75       610
          14       0.08      0.17      0.11        42
          15       0.64      0.75      0.69        12

    accuracy                           0.57      1772
   macro avg       0.33      0.36      0.34      1772
weighted avg       0.62      0.57      0.59      1772
