              precision    recall  f1-score   support

           0       0.00      0.00      0.00         8
           1       0.64      0.68      0.66        62
           2       0.01      0.06      0.02        18
           3       0.00      0.00      0.00         6
           4       0.67      0.48      0.56       532
           5       0.29      0.27      0.28       125
           6       0.00      0.00      0.00        52
           7       0.28      0.73      0.40       120
           8       0.00      0.00      0.00        74
           9       0.00      0.00      0.00         2
          10       0.20      0.13      0.16        39
          11       0.89      0.96      0.92        51
          12       0.01      0.16      0.03        19
          13       0.83      0.64      0.72       610
          14       0.00      0.00      0.00        42
          15       0.24      0.50      0.32        12

    accuracy                           0.49      1772
   macro avg       0.25      0.29      0.25      1772
weighted avg       0.58      0.49      0.52      1772
