              precision    recall  f1-score   support

           0       0.00      0.00      0.00         8
           1       0.39      0.29      0.33        62
           2       0.11      0.78      0.20        18
           3       0.00      0.00      0.00         6
           4       0.85      0.35      0.49       532
           5       0.21      0.13      0.16       125
           6       0.37      0.29      0.32        52
           7       0.41      0.65      0.51       120
           8       0.07      0.26      0.11        74
           9       0.00      0.00      0.00         2
          10       0.21      0.15      0.18        39
          11       0.75      0.94      0.83        51
          12       0.00      0.00      0.00        19
          13       0.70      0.74      0.72       610
          14       0.05      0.02      0.03        42
          15       0.25      0.83      0.38        12

    accuracy                           0.49      1772
   macro avg       0.27      0.34      0.27      1772
weighted avg       0.60      0.49      0.50      1772
