              precision    recall  f1-score   support

           0       0.00      0.00      0.00         8
           1       0.51      0.84      0.64        62
           2       0.06      0.22      0.09        18
           3       0.00      0.00      0.00         6
           4       0.85      0.54      0.66       532
           5       0.28      0.37      0.32       125
           6       0.24      0.35      0.28        52
           7       0.59      0.71      0.64       120
           8       0.05      0.08      0.06        74
           9       0.00      0.00      0.00         2
          10       0.35      0.23      0.28        39
          11       0.98      0.96      0.97        51
          12       0.04      0.16      0.07        19
          13       0.86      0.65      0.74       610
          14       0.02      0.05      0.03        42
          15       0.29      0.75      0.42        12

    accuracy                           0.55      1772
   macro avg       0.32      0.37      0.33      1772
weighted avg       0.68      0.55      0.59      1772
