              precision    recall  f1-score   support

           0       0.00      0.00      0.00         8
           1       0.42      0.95      0.58        62
           2       0.01      0.06      0.01        18
           3       0.00      0.00      0.00         6
           4       0.84      0.34      0.49       532
           5       0.25      0.17      0.20       125
           6       0.23      0.35      0.27        52
           7       0.36      0.80      0.49       120
           8       0.07      0.05      0.06        74
           9       0.00      0.00      0.00         2
          10       0.38      0.54      0.45        39
          11       0.98      0.98      0.98        51
          12       0.00      0.00      0.00        19
          13       0.75      0.70      0.72       610
          14       0.07      0.10      0.08        42
          15       0.62      0.67      0.64        12

    accuracy                           0.50      1772
   macro avg       0.31      0.36      0.31      1772
weighted avg       0.62      0.50      0.52      1772
