              precision    recall  f1-score   support

           0       0.00      0.00      0.00         8
           1       0.48      0.95      0.63        62
           2       0.07      0.28      0.11        18
           3       0.00      0.00      0.00         6
           4       0.77      0.71      0.74       532
           5       0.28      0.14      0.18       125
           6       0.34      0.40      0.37        52
           7       0.67      0.63      0.65       120
           8       0.09      0.24      0.14        74
           9       0.00      0.00      0.00         2
          10       0.33      0.38      0.35        39
          11       0.91      0.98      0.94        51
          12       0.00      0.00      0.00        19
          13       0.88      0.61      0.72       610
          14       0.09      0.02      0.04        42
          15       0.31      1.00      0.47        12

    accuracy                           0.58      1772
   macro avg       0.33      0.40      0.33      1772
weighted avg       0.67      0.58      0.61      1772
