              precision    recall  f1-score   support

           0       0.00      0.00      0.00         8
           1       0.48      0.73      0.58        62
           2       0.11      0.39      0.17        18
           3       0.00      0.00      0.00         6
           4       0.82      0.52      0.63       532
           5       0.25      0.24      0.25       125
           6       0.24      0.44      0.31        52
           7       0.50      0.74      0.60       120
           8       0.11      0.14      0.12        74
           9       0.00      0.00      0.00         2
          10       0.22      0.56      0.32        39
          11       0.96      0.96      0.96        51
          12       0.00      0.00      0.00        19
          13       0.79      0.71      0.75       610
          14       0.03      0.02      0.03        42
          15       0.36      0.83      0.50        12

    accuracy                           0.56      1772
   macro avg       0.30      0.39      0.33      1772
weighted avg       0.63      0.56      0.58      1772
