              precision    recall  f1-score   support

           0       0.00      0.00      0.00         8
           1       0.54      0.89      0.67        62
           2       0.07      0.11      0.08        18
           3       0.00      0.00      0.00         6
           4       0.82      0.73      0.78       532
           5       0.32      0.42      0.36       125
           6       0.19      0.58      0.29        52
           7       0.62      0.72      0.66       120
           8       0.03      0.01      0.02        74
           9       0.00      0.00      0.00         2
          10       0.40      0.36      0.38        39
          11       0.96      0.94      0.95        51
          12       0.00      0.00      0.00        19
          13       0.86      0.74      0.80       610
          14       0.42      0.12      0.19        42
          15       0.41      0.58      0.48        12

    accuracy                           0.65      1772
   macro avg       0.35      0.39      0.35      1772
weighted avg       0.68      0.65      0.66      1772
