              precision    recall  f1-score   support

           0       0.00      0.00      0.00         8
           1       0.62      0.87      0.72        62
           2       0.15      0.78      0.25        18
           3       0.00      0.00      0.00         6
           4       0.82      0.56      0.67       532
           5       0.25      0.09      0.13       125
           6       0.33      0.46      0.38        52
           7       0.50      0.75      0.60       120
           8       0.09      0.24      0.13        74
           9       0.00      0.00      0.00         2
          10       0.40      0.44      0.42        39
          11       0.92      0.96      0.94        51
          12       0.02      0.11      0.03        19
          13       0.90      0.61      0.73       610
          14       0.06      0.07      0.06        42
          15       0.23      1.00      0.38        12

    accuracy                           0.55      1772
   macro avg       0.33      0.43      0.34      1772
weighted avg       0.68      0.55      0.59      1772
