              precision    recall  f1-score   support

           0       0.00      0.00      0.00         8
           1       0.59      0.69      0.64        62
           2       0.12      0.33      0.17        18
           3       0.00      0.00      0.00         6
           4       0.86      0.63      0.73       532
           5       0.37      0.33      0.35       125
           6       0.43      0.63      0.51        52
           7       0.54      0.72      0.62       120
           8       0.15      0.19      0.17        74
           9       0.00      0.00      0.00         2
          10       0.32      0.67      0.43        39
          11       0.89      1.00      0.94        51
          12       0.03      0.11      0.04        19
          13       0.88      0.77      0.82       610
          14       0.16      0.17      0.16        42
          15       0.37      0.83      0.51        12

    accuracy                           0.63      1772
   macro avg       0.36      0.44      0.38      1772
weighted avg       0.71      0.63      0.66      1772
