              precision    recall  f1-score   support

           0       0.00      0.00      0.00         8
           1       0.58      0.82      0.68        62
           2       0.17      0.22      0.19        18
           3       0.00      0.00      0.00         6
           4       0.75      0.70      0.72       532
           5       0.26      0.38      0.31       125
           6       0.24      0.40      0.30        52
           7       0.58      0.71      0.64       120
           8       0.15      0.07      0.09        74
           9       0.00      0.00      0.00         2
          10       0.30      0.36      0.33        39
          11       0.88      0.98      0.93        51
          12       0.00      0.00      0.00        19
          13       0.82      0.74      0.78       610
          14       0.14      0.07      0.10        42
          15       0.28      0.42      0.33        12

    accuracy                           0.62      1772
   macro avg       0.32      0.37      0.34      1772
weighted avg       0.64      0.62      0.63      1772
