              precision    recall  f1-score   support

           0       0.00      0.00      0.00         8
           1       0.51      0.79      0.62        62
           2       0.02      0.22      0.04        18
           3       0.00      0.00      0.00         6
           4       0.83      0.52      0.64       532
           5       0.39      0.30      0.34       125
           6       0.16      0.52      0.25        52
           7       0.71      0.68      0.70       120
           8       0.04      0.05      0.05        74
           9       0.00      0.00      0.00         2
          10       0.20      0.54      0.29        39
          11       0.92      0.96      0.94        51
          12       0.03      0.05      0.04        19
          13       0.84      0.56      0.67       610
          14       0.12      0.12      0.12        42
          15       0.25      0.75      0.38        12

    accuracy                           0.51      1772
   macro avg       0.31      0.38      0.32      1772
weighted avg       0.68      0.51      0.57      1772
