              precision    recall  f1-score   support

           0       0.00      0.00      0.00         8
           1       0.60      0.79      0.69        62
           2       0.05      0.22      0.08        18
           3       0.00      0.00      0.00         6
           4       0.84      0.40      0.55       532
           5       0.16      0.18      0.17       125
           6       0.14      0.44      0.21        52
           7       0.55      0.53      0.54       120
           8       0.06      0.14      0.08        74
           9       0.00      0.00      0.00         2
          10       0.17      0.46      0.25        39
          11       0.85      0.98      0.91        51
          12       0.01      0.11      0.02        19
          13       0.90      0.43      0.58       610
          14       0.20      0.19      0.20        42
          15       0.31      0.42      0.36        12

    accuracy                           0.41      1772
   macro avg       0.30      0.33      0.29      1772
weighted avg       0.67      0.41      0.49      1772
