              precision    recall  f1-score   support

           0       0.00      0.00      0.00         8
           1       0.60      0.77      0.68        62
           2       0.09      0.33      0.15        18
           3       0.00      0.00      0.00         6
           4       0.78      0.65      0.71       532
           5       0.25      0.32      0.28       125
           6       0.29      0.33      0.31        52
           7       0.69      0.66      0.68       120
           8       0.00      0.00      0.00        74
           9       0.00      0.00      0.00         2
          10       0.09      0.13      0.11        39
          11       0.85      0.98      0.91        51
          12       0.06      0.21      0.09        19
          13       0.79      0.72      0.75       610
          14       0.10      0.14      0.12        42
          15       0.24      0.75      0.37        12

    accuracy                           0.59      1772
   macro avg       0.30      0.37      0.32      1772
weighted avg       0.63      0.59      0.61      1772
