              precision    recall  f1-score   support

           0       0.00      0.00      0.00         8
           1       0.57      0.66      0.61        62
           2       0.12      0.33      0.17        18
           3       0.00      0.00      0.00         6
           4       0.86      0.62      0.72       532
           5       0.40      0.37      0.38       125
           6       0.46      0.62      0.53        52
           7       0.53      0.71      0.61       120
           8       0.15      0.19      0.17        74
           9       0.00      0.00      0.00         2
          10       0.31      0.67      0.42        39
          11       0.88      1.00      0.94        51
          12       0.03      0.11      0.04        19
          13       0.88      0.78      0.83       610
          14       0.14      0.14      0.14        42
          15       0.42      0.83      0.56        12

    accuracy                           0.63      1772
   macro avg       0.36      0.44      0.38      1772
weighted avg       0.71      0.63      0.66      1772
