              precision    recall  f1-score   support

           0       0.11      0.12      0.12         8
           1       0.55      0.84      0.66        62
           2       0.11      0.22      0.15        18
           3       0.00      0.00      0.00         6
           4       0.86      0.60      0.71       532
           5       0.26      0.39      0.31       125
           6       0.28      0.33      0.30        52
           7       0.52      0.68      0.59       120
           8       0.13      0.23      0.17        74
           9       0.00      0.00      0.00         2
          10       0.30      0.33      0.31        39
          11       0.79      0.96      0.87        51
          12       0.00      0.00      0.00        19
          13       0.87      0.65      0.74       610
          14       0.09      0.14      0.11        42
          15       0.25      1.00      0.40        12

    accuracy                           0.58      1772
   macro avg       0.32      0.41      0.34      1772
weighted avg       0.68      0.58      0.61      1772
