              precision    recall  f1-score   support

           0       0.00      0.00      0.00         8
           1       0.53      0.89      0.67        62
           2       0.17      0.22      0.20        18
           3       0.00      0.00      0.00         6
           4       0.84      0.45      0.58       532
           5       0.25      0.40      0.31       125
           6       0.18      0.33      0.23        52
           7       0.55      0.70      0.62       120
           8       0.08      0.12      0.09        74
           9       0.00      0.00      0.00         2
          10       0.19      0.41      0.26        39
          11       0.96      0.94      0.95        51
          12       0.02      0.05      0.03        19
          13       0.85      0.71      0.77       610
          14       0.05      0.05      0.05        42
          15       0.21      0.58      0.30        12

    accuracy                           0.54      1772
   macro avg       0.30      0.37      0.32      1772
weighted avg       0.66      0.54      0.58      1772
