              precision    recall  f1-score   support

           0       0.00      0.00      0.00         8
           1       0.57      0.76      0.65        62
           2       0.03      0.06      0.04        18
           3       0.00      0.00      0.00         6
           4       0.80      0.42      0.55       532
           5       0.18      0.15      0.17       125
           6       0.27      0.50      0.35        52
           7       0.33      0.78      0.46       120
           8       0.15      0.36      0.21        74
           9       0.00      0.00      0.00         2
          10       0.34      0.36      0.35        39
          11       0.79      0.98      0.88        51
          12       0.00      0.00      0.00        19
          13       0.87      0.68      0.76       610
          14       0.17      0.10      0.12        42
          15       0.23      1.00      0.37        12

    accuracy                           0.53      1772
   macro avg       0.30      0.38      0.31      1772
weighted avg       0.64      0.53      0.55      1772
