              precision    recall  f1-score   support

           0       0.00      0.00      0.00         8
           1       0.58      0.90      0.71        62
           2       0.15      0.17      0.16        18
           3       0.00      0.00      0.00         6
           4       0.81      0.55      0.65       532
           5       0.20      0.45      0.28       125
           6       0.25      0.38      0.31        52
           7       0.62      0.61      0.62       120
           8       0.14      0.08      0.10        74
           9       0.00      0.00      0.00         2
          10       0.16      0.44      0.24        39
          11       0.88      0.98      0.93        51
          12       0.00      0.00      0.00        19
          13       0.82      0.71      0.76       610
          14       0.12      0.12      0.12        42
          15       0.33      0.67      0.44        12

    accuracy                           0.57      1772
   macro avg       0.32      0.38      0.33      1772
weighted avg       0.65      0.57      0.60      1772
